"cohort","k","strategy","outcome","rule","n","events","eligible_n","calculable_n","calculable_fraction","AUROC","AUROC_low","AUROC_high","Spearman","MAE","RMSE","threshold85","sensitivity","specificity"
"HRS",1,"Universal","concurrent","80pct",8075,3831,8349,8238,0.986704994610133,0.772225028913637,0.763240796403411,0.782331202923556,0.649814268971821,0.310982238693231,0.375340881597298,0,1,0
"HRS",2,"Universal","concurrent","80pct",8075,3831,8349,8196,0.981674452030183,0.877113783064937,0.870683993266525,0.883200230643881,0.77461337390696,0.286989981632923,0.347374381894052,0.5,0.925084834246933,0.668001885014138
"HRS",3,"Universal","concurrent","80pct",8075,3831,8349,8193,0.981315127560187,0.918940486497006,0.914201135560373,0.924609761517622,0.828588879800016,0.221388447933766,0.282882281636534,0.5,0.877838684416601,0.801366635249764
"HRS",4,"Universal","concurrent","80pct",8075,3831,8349,8187,0.980596478620194,0.937575082583153,0.933331193083685,0.942048273740541,0.859951169332453,0.214039515511974,0.271383346529206,0.4375,0.873662229182981,0.855089538171536
"HRS",5,"Universal","concurrent","80pct",8075,3831,8349,8332,0.997963828003354,0.943228987148101,0.938193872080818,0.947776017510503,0.875248525559672,0.228326133422443,0.285235407864916,0.5,0.895066562255286,0.840951932139491
"HRS",6,"Universal","concurrent","80pct",8075,3831,8349,8315,0.995927656006707,0.947639377753438,0.943471786813671,0.951493247593135,0.888357298964444,0.17777605643045,0.223131030360325,0.458333333333333,0.838162359697207,0.916352497643732
"HRS",7,"Universal","concurrent","80pct",8075,3831,8349,8311,0.995448556713379,0.950763385211816,0.946683810867851,0.954847557079156,0.894904887096794,0.152036758449424,0.19327649232053,0.392857142857143,0.864526233359436,0.902921771913289
"HRS",8,"Universal","concurrent","80pct",8075,3831,8349,8311,0.995448556713379,0.952412034518737,0.948751316918254,0.95680905843075,0.899165257399946,0.127119373593666,0.162573182228268,0.34375,0.872879143826677,0.90009425070688
"HRS",9,"Universal","concurrent","80pct",8075,3831,8349,8255,0.988741166606779,0.953876629244388,0.949273293464016,0.958125933168421,0.902865948667815,0.107475371655304,0.137590593965314,0.305555555555556,0.87966588358131,0.896559849198869
"HRS",10,"Universal","concurrent","80pct",8075,3831,8349,8335,0.99832315247335,0.954980772216141,0.95093678379412,0.958488364667028,0.904838112295353,0.0927337390813002,0.118496205215911,0.275,0.88775776559645,0.890433553251649
"HRS",11,"Universal","concurrent","80pct",8075,3831,8349,8334,0.998203377650018,0.955496032785764,0.951344032090985,0.959528333938902,0.90642660526867,0.0831386481285165,0.105893075777664,0.25,0.888801879404855,0.889491046182846
"HRS",12,"Universal","concurrent","80pct",8075,3831,8349,8333,0.998083602826686,0.955967101804295,0.952540168622295,0.959846004276105,0.907091512612809,0.0779265831985509,0.0987048760838183,0.229166666666667,0.889584964761159,0.890904806786051
"HRS",13,"Universal","concurrent","80pct",8075,3831,8349,8332,0.997963828003354,0.956379002733541,0.951779961732542,0.960276919942326,0.908208976051524,0.0770903215346596,0.0973767831178899,0.211538461538462,0.890629078569564,0.889962299717248
"HRS",14,"Universal","concurrent","80pct",8075,3831,8349,8313,0.995688106360043,0.957763025528878,0.954261280886081,0.961520551215397,0.910774997411397,0.0761950100543977,0.095023973988611,0.196428571428571,0.896110676063691,0.886899151743638
"HRS",15,"Universal","concurrent","80pct",8075,3831,8349,8345,0.999520900706671,0.957720556125915,0.95382700813092,0.961409394471064,0.911301996180439,0.0771173477022682,0.094911162903525,0.183333333333333,0.897154789872096,0.884542884071631
"HRS",16,"Universal","concurrent","80pct",8075,3831,8349,8345,0.999520900706671,0.957768099715329,0.954297955812355,0.961492915685731,0.911351557832196,0.0806484998364075,0.0981707360972294,0.171875,0.897676846776299,0.884542884071631
"HRS",1,"Phenotype","concurrent","80pct",8075,3831,8349,8245,0.987543418373458,0.665559632946268,0.654788327542459,0.676768096550439,0.38731272454103,0.356179015299068,0.425555995178095,0,1,0
"HRS",2,"Phenotype","concurrent","80pct",8075,3831,8349,8154,0.976643909450234,0.79289815634202,0.783632012756317,0.803852098183928,0.610899526433265,0.260206481043518,0.317737784539732,0.25,0.791699295223179,0.68449575871819
"HRS",3,"Phenotype","concurrent","80pct",8075,3831,8349,8142,0.975206611570248,0.858923378185451,0.849339449145965,0.866470486431121,0.710488714314356,0.21039629041153,0.26824853282931,0.333333333333333,0.903419472722527,0.681668237511781
"HRS",4,"Phenotype","concurrent","80pct",8075,3831,8349,8133,0.974128638160259,0.904639368650655,0.897750147918758,0.909927805396627,0.808681987355018,0.190849786056764,0.247639357218973,0.4375,0.79378752283999,0.861687087653157
"HRS",5,"Phenotype","concurrent","80pct",8075,3831,8349,8328,0.997484728710025,0.928307342427752,0.923483772671981,0.934073425039933,0.853009259899344,0.201726892074789,0.25738355725541,0.4,0.879404855129209,0.800895381715363
"HRS",6,"Phenotype","concurrent","80pct",8075,3831,8349,8315,0.995927656006707,0.947639377753438,0.942379176629666,0.951518431636091,0.888357298964444,0.17777605643045,0.223131030360325,0.458333333333333,0.838162359697207,0.916352497643732
"HRS",7,"Phenotype","concurrent","80pct",8075,3831,8349,8311,0.995448556713379,0.950552545076612,0.946340180197065,0.954052892009837,0.894564440836723,0.151338843268621,0.192274184427857,0.392857142857143,0.863482119551031,0.904571159283695
"HRS",8,"Phenotype","concurrent","80pct",8075,3831,8349,8311,0.995448556713379,0.952412034518737,0.948511689071075,0.956757332259239,0.899165257399946,0.127119373593666,0.162573182228268,0.34375,0.872879143826677,0.90009425070688
"HRS",9,"Phenotype","concurrent","80pct",8075,3831,8349,8284,0.992214636483411,0.952912380055458,0.949054235708647,0.957016146878473,0.901078906686164,0.10654675980285,0.136456037143861,0.305555555555556,0.877838684416601,0.896088595664468
"HRS",10,"Phenotype","concurrent","80pct",8075,3831,8349,8334,0.998203377650018,0.954183294621904,0.949909317532206,0.958290113969519,0.903799054063014,0.092937808760223,0.118803293582304,0.275,0.884364395719133,0.893025447690858
"HRS",11,"Phenotype","concurrent","80pct",8075,3831,8349,8328,0.997484728710025,0.955844183481598,0.951876994900206,0.959008922249044,0.906772821653983,0.0835237773989742,0.106427902331708,0.25,0.890368050117463,0.890904806786051
"HRS",12,"Phenotype","concurrent","80pct",8075,3831,8349,8325,0.997125404240029,0.956210693506591,0.951894719747195,0.960142618298724,0.907793059117078,0.0777165771210837,0.0984256702470309,0.229166666666667,0.891151135473767,0.890433553251649
"HRS",13,"Phenotype","concurrent","80pct",8075,3831,8349,8320,0.996526530123368,0.956514837167204,0.952431086484392,0.959819484433063,0.908903987577786,0.0761052108860061,0.0957217692688445,0.211538461538462,0.893239363090577,0.888548539114043
"HRS",14,"Phenotype","concurrent","80pct",8075,3831,8349,8313,0.995688106360043,0.957722216768753,0.954066581233917,0.96149426185616,0.910764322221136,0.0761800643787058,0.095004415033324,0.196428571428571,0.896110676063691,0.886899151743638
"HRS",15,"Phenotype","concurrent","80pct",8075,3831,8349,8345,0.999520900706671,0.957720556125915,0.953097295318911,0.960978783210507,0.911301996180439,0.0771173477022682,0.094911162903525,0.183333333333333,0.897154789872096,0.884542884071631
"HRS",16,"Phenotype","concurrent","80pct",8075,3831,8349,8345,0.999520900706671,0.957768099715329,0.954434085734651,0.961480663842375,0.911351557832196,0.0806484998364075,0.0981707360972294,0.171875,0.897676846776299,0.884542884071631
"HRS",1,"Universal","followup_frail","80pct",6510,3017,8349,8238,0.986704994610133,0.70940754561825,0.700689134060982,0.718654372036622,NA,NA,NA,0,NA,NA
"HRS",2,"Universal","followup_frail","80pct",6510,3017,8349,8196,0.981674452030183,0.804303051863469,0.793749333980341,0.812690105382484,NA,NA,NA,0.5,NA,NA
"HRS",3,"Universal","followup_frail","80pct",6510,3017,8349,8193,0.981315127560187,0.848769464683427,0.838797572150505,0.856944131012564,NA,NA,NA,0.5,NA,NA
"HRS",4,"Universal","followup_frail","80pct",6510,3017,8349,8187,0.980596478620194,0.859787048883505,0.851032781681383,0.868711520239676,NA,NA,NA,0.4375,NA,NA
"HRS",5,"Universal","followup_frail","80pct",6510,3017,8349,8332,0.997963828003354,0.864205422066255,0.854234280137604,0.873244832905447,NA,NA,NA,0.5,NA,NA
"HRS",6,"Universal","followup_frail","80pct",6510,3017,8349,8315,0.995927656006707,0.867568794485605,0.860063617170592,0.876085166568417,NA,NA,NA,0.458333333333333,NA,NA
"HRS",7,"Universal","followup_frail","80pct",6510,3017,8349,8311,0.995448556713379,0.869931443928626,0.862179492273337,0.879252749880911,NA,NA,NA,0.392857142857143,NA,NA
"HRS",8,"Universal","followup_frail","80pct",6510,3017,8349,8311,0.995448556713379,0.871800991063049,0.863019447913973,0.88015418934112,NA,NA,NA,0.34375,NA,NA
"HRS",9,"Universal","followup_frail","80pct",6510,3017,8349,8255,0.988741166606779,0.872744020167804,0.864173484479949,0.88166057708063,NA,NA,NA,0.305555555555556,NA,NA
"HRS",10,"Universal","followup_frail","80pct",6510,3017,8349,8335,0.99832315247335,0.873626508663902,0.865560694715411,0.882272004373225,NA,NA,NA,0.275,NA,NA
"HRS",11,"Universal","followup_frail","80pct",6510,3017,8349,8334,0.998203377650018,0.874062391557109,0.866364533805858,0.880805397044273,NA,NA,NA,0.25,NA,NA
"HRS",12,"Universal","followup_frail","80pct",6510,3017,8349,8333,0.998083602826686,0.874255779896362,0.865288055151615,0.88245467157565,NA,NA,NA,0.229166666666667,NA,NA
"HRS",13,"Universal","followup_frail","80pct",6510,3017,8349,8332,0.997963828003354,0.87478380217986,0.867668663047798,0.883635611929809,NA,NA,NA,0.211538461538462,NA,NA
"HRS",14,"Universal","followup_frail","80pct",6510,3017,8349,8313,0.995688106360043,0.87647471656225,0.869353087592368,0.8845425246476,NA,NA,NA,0.196428571428571,NA,NA
"HRS",15,"Universal","followup_frail","80pct",6510,3017,8349,8345,0.999520900706671,0.876889011699235,0.868524612692763,0.883820473158907,NA,NA,NA,0.183333333333333,NA,NA
"HRS",16,"Universal","followup_frail","80pct",6510,3017,8349,8345,0.999520900706671,0.876824770332369,0.868746014780957,0.885902864546493,NA,NA,NA,0.171875,NA,NA
"HRS",1,"Phenotype","followup_frail","80pct",6510,3017,8349,8245,0.987543418373458,0.611126652186897,0.599726564789185,0.621895453634426,NA,NA,NA,0,NA,NA
"HRS",2,"Phenotype","followup_frail","80pct",6510,3017,8349,8154,0.976643909450234,0.721168080751683,0.711045314528456,0.736048797280667,NA,NA,NA,0.25,NA,NA
"HRS",3,"Phenotype","followup_frail","80pct",6510,3017,8349,8142,0.975206611570248,0.781553447346419,0.770484745422602,0.792805374738292,NA,NA,NA,0.333333333333333,NA,NA
"HRS",4,"Phenotype","followup_frail","80pct",6510,3017,8349,8133,0.974128638160259,0.826958002372471,0.817606498168427,0.83855444904381,NA,NA,NA,0.4375,NA,NA
"HRS",5,"Phenotype","followup_frail","80pct",6510,3017,8349,8328,0.997484728710025,0.849272008670023,0.839843125426789,0.858402917623373,NA,NA,NA,0.4,NA,NA
"HRS",6,"Phenotype","followup_frail","80pct",6510,3017,8349,8315,0.995927656006707,0.867568794485605,0.858571400143079,0.875397570562872,NA,NA,NA,0.458333333333333,NA,NA
"HRS",7,"Phenotype","followup_frail","80pct",6510,3017,8349,8311,0.995448556713379,0.869843052742162,0.862724062340118,0.879004871865634,NA,NA,NA,0.392857142857143,NA,NA
"HRS",8,"Phenotype","followup_frail","80pct",6510,3017,8349,8311,0.995448556713379,0.871800991063049,0.863181758542154,0.880369667358709,NA,NA,NA,0.34375,NA,NA
"HRS",9,"Phenotype","followup_frail","80pct",6510,3017,8349,8284,0.992214636483411,0.872289111581751,0.863883073566209,0.87956849754876,NA,NA,NA,0.305555555555556,NA,NA
"HRS",10,"Phenotype","followup_frail","80pct",6510,3017,8349,8334,0.998203377650018,0.873080077480592,0.865681097870574,0.88153414810094,NA,NA,NA,0.275,NA,NA
"HRS",11,"Phenotype","followup_frail","80pct",6510,3017,8349,8328,0.997484728710025,0.874396029143376,0.867201670892621,0.882929186303056,NA,NA,NA,0.25,NA,NA
"HRS",12,"Phenotype","followup_frail","80pct",6510,3017,8349,8325,0.997125404240029,0.874906733776279,0.865678554405743,0.882937632780987,NA,NA,NA,0.229166666666667,NA,NA
"HRS",13,"Phenotype","followup_frail","80pct",6510,3017,8349,8320,0.996526530123368,0.875353956172205,0.866419870155593,0.884409493996832,NA,NA,NA,0.211538461538462,NA,NA
"HRS",14,"Phenotype","followup_frail","80pct",6510,3017,8349,8313,0.995688106360043,0.876586356101568,0.869384018816061,0.88432413032292,NA,NA,NA,0.196428571428571,NA,NA
"HRS",15,"Phenotype","followup_frail","80pct",6510,3017,8349,8345,0.999520900706671,0.876889011699235,0.869425486654481,0.884528284549396,NA,NA,NA,0.183333333333333,NA,NA
"HRS",16,"Phenotype","followup_frail","80pct",6510,3017,8349,8345,0.999520900706671,0.876824770332369,0.868799214450622,0.885965165009913,NA,NA,NA,0.171875,NA,NA
"HRS",0,"Full_FI","followup_frail","80pct",6510,3017,8349,8349,1,0.918320233440032,0.9121848000956,0.925426607608734,NA,NA,NA,NA,NA,NA
"HRS",1,"Universal","incident_adl","80pct",5424,592,8349,8238,0.986704994610133,0.63224897082513,0.610430537862571,0.651981281477103,NA,NA,NA,0,NA,NA
"HRS",2,"Universal","incident_adl","80pct",5424,592,8349,8196,0.981674452030183,0.705339438931895,0.683043688839593,0.725376511627247,NA,NA,NA,0.5,NA,NA
"HRS",3,"Universal","incident_adl","80pct",5424,592,8349,8193,0.981315127560187,0.735976094057634,0.716303499799127,0.758686621451911,NA,NA,NA,0.5,NA,NA
"HRS",4,"Universal","incident_adl","80pct",5424,592,8349,8187,0.980596478620194,0.750399749138625,0.728478658178283,0.771434911993912,NA,NA,NA,0.4375,NA,NA
"HRS",5,"Universal","incident_adl","80pct",5424,592,8349,8332,0.997963828003354,0.754746999172185,0.737326026322407,0.773639890678004,NA,NA,NA,0.5,NA,NA
"HRS",6,"Universal","incident_adl","80pct",5424,592,8349,8315,0.995927656006707,0.760403615536066,0.738330947264615,0.781009887046777,NA,NA,NA,0.458333333333333,NA,NA
"HRS",7,"Universal","incident_adl","80pct",5424,592,8349,8311,0.995448556713379,0.762895973632987,0.744425025299466,0.780960497489519,NA,NA,NA,0.392857142857143,NA,NA
"HRS",8,"Universal","incident_adl","80pct",5424,592,8349,8311,0.995448556713379,0.762804382662878,0.74117854268632,0.785136170622501,NA,NA,NA,0.34375,NA,NA
"HRS",9,"Universal","incident_adl","80pct",5424,592,8349,8255,0.988741166606779,0.764055892865133,0.745726096175464,0.78143726796691,NA,NA,NA,0.305555555555556,NA,NA
"HRS",10,"Universal","incident_adl","80pct",5424,592,8349,8335,0.99832315247335,0.762992983152855,0.740520143269929,0.779759892930527,NA,NA,NA,0.275,NA,NA
"HRS",11,"Universal","incident_adl","80pct",5424,592,8349,8334,0.998203377650018,0.763134914198139,0.746177068454997,0.78174275067985,NA,NA,NA,0.25,NA,NA
"HRS",12,"Universal","incident_adl","80pct",5424,592,8349,8333,0.998083602826686,0.763698792956864,0.741565284374004,0.78509951341625,NA,NA,NA,0.229166666666667,NA,NA
"HRS",13,"Universal","incident_adl","80pct",5424,592,8349,8332,0.997963828003354,0.763684285226866,0.744206537590764,0.78176225417399,NA,NA,NA,0.211538461538462,NA,NA
"HRS",14,"Universal","incident_adl","80pct",5424,592,8349,8313,0.995688106360043,0.767287271232325,0.749401766288288,0.786444075663001,NA,NA,NA,0.196428571428571,NA,NA
"HRS",15,"Universal","incident_adl","80pct",5424,592,8349,8345,0.999520900706671,0.767846081025148,0.748002000539965,0.784849369588667,NA,NA,NA,0.183333333333333,NA,NA
"HRS",16,"Universal","incident_adl","80pct",5424,592,8349,8345,0.999520900706671,0.76786181229864,0.748714708355885,0.786221748436462,NA,NA,NA,0.171875,NA,NA
"HRS",1,"Phenotype","incident_adl","80pct",5424,592,8349,8245,0.987543418373458,0.580590090556202,0.558953955506003,0.603407422990231,NA,NA,NA,0,NA,NA
"HRS",2,"Phenotype","incident_adl","80pct",5424,592,8349,8154,0.976643909450234,0.652640371901289,0.628705050403966,0.677261672173757,NA,NA,NA,0.25,NA,NA
"HRS",3,"Phenotype","incident_adl","80pct",5424,592,8349,8142,0.975206611570248,0.695806636779578,0.673643396370958,0.720946592233307,NA,NA,NA,0.333333333333333,NA,NA
"HRS",4,"Phenotype","incident_adl","80pct",5424,592,8349,8133,0.974128638160259,0.728855595299356,0.710346514767085,0.751992756940206,NA,NA,NA,0.4375,NA,NA
"HRS",5,"Phenotype","incident_adl","80pct",5424,592,8349,8328,0.997484728710025,0.746766349337748,0.726887059597352,0.764168671790714,NA,NA,NA,0.4,NA,NA
"HRS",6,"Phenotype","incident_adl","80pct",5424,592,8349,8315,0.995927656006707,0.760403615536066,0.739061791496864,0.777533185956051,NA,NA,NA,0.458333333333333,NA,NA
"HRS",7,"Phenotype","incident_adl","80pct",5424,592,8349,8311,0.995448556713379,0.76261665613254,0.743411319428844,0.780470515539513,NA,NA,NA,0.392857142857143,NA,NA
"HRS",8,"Phenotype","incident_adl","80pct",5424,592,8349,8311,0.995448556713379,0.762804382662878,0.744238653980129,0.783488295352361,NA,NA,NA,0.34375,NA,NA
"HRS",9,"Phenotype","incident_adl","80pct",5424,592,8349,8284,0.992214636483411,0.762995080655987,0.742227518026634,0.780437418948933,NA,NA,NA,0.305555555555556,NA,NA
"HRS",10,"Phenotype","incident_adl","80pct",5424,592,8349,8334,0.998203377650018,0.762899119887686,0.745482202317867,0.77835585704835,NA,NA,NA,0.275,NA,NA
"HRS",11,"Phenotype","incident_adl","80pct",5424,592,8349,8328,0.997484728710025,0.763732178215053,0.745151445008841,0.780479815914611,NA,NA,NA,0.25,NA,NA
"HRS",12,"Phenotype","incident_adl","80pct",5424,592,8349,8325,0.997125404240029,0.764847525505638,0.747151245096318,0.786891457762969,NA,NA,NA,0.229166666666667,NA,NA
"HRS",13,"Phenotype","incident_adl","80pct",5424,592,8349,8320,0.996526530123368,0.765149391164757,0.751236934754927,0.780075643677335,NA,NA,NA,0.211538461538462,NA,NA
"HRS",14,"Phenotype","incident_adl","80pct",5424,592,8349,8313,0.995688106360043,0.767533727850367,0.749632809806768,0.788458989438015,NA,NA,NA,0.196428571428571,NA,NA
"HRS",15,"Phenotype","incident_adl","80pct",5424,592,8349,8345,0.999520900706671,0.767846081025148,0.746098619151669,0.782388301047805,NA,NA,NA,0.183333333333333,NA,NA
"HRS",16,"Phenotype","incident_adl","80pct",5424,592,8349,8345,0.999520900706671,0.76786181229864,0.752074459493658,0.78636068384934,NA,NA,NA,0.171875,NA,NA
"HRS",0,"Full_FI","incident_adl","80pct",5424,592,8349,8349,1,0.779499808428047,0.762440767774543,0.799646061378447,NA,NA,NA,NA,NA,NA
"ELSA",1,"Universal","concurrent","80pct",4196,1272,4197,4197,1,0.799913317674591,0.78629820659864,0.815322165325549,0.636833323878906,0.278602000330048,0.367073186871191,0,1,0
"ELSA",2,"Universal","concurrent","80pct",4196,1272,4197,4197,1,0.887144935859381,0.876492963525618,0.896159100468328,0.75172242761874,0.261070739897761,0.333848431782025,0.5,0.916666666666667,0.73016415868673
"ELSA",3,"Universal","concurrent","80pct",4196,1272,4197,4197,1,0.915072158196319,0.90518966399741,0.922875247701885,0.798011525261296,0.22369047203636,0.287958275536897,0.333333333333333,0.956761006289308,0.666210670314637
"ELSA",4,"Universal","concurrent","80pct",4196,1272,4197,4196,0.999761734572314,0.94309845757083,0.936193011599102,0.948860364165608,0.842937054358433,0.189898476913875,0.260686879616588,0.4375,0.904088050314465,0.84610123119015
"ELSA",5,"Universal","concurrent","80pct",4196,1272,4197,4197,1,0.948093177047036,0.941346627832566,0.954080878349947,0.859683117836223,0.210675228316209,0.279512033281669,0.5,0.911949685534591,0.820451436388509
"ELSA",6,"Universal","concurrent","80pct",4196,1272,4197,4197,1,0.953243032074611,0.94758442678942,0.95926843982246,0.866637273971518,0.169728587802844,0.226500865362669,0.416666666666667,0.922955974842767,0.818399452804378
"ELSA",7,"Universal","concurrent","80pct",4196,1272,4197,4197,1,0.955313432964234,0.948849917904055,0.961710526570626,0.871989715495171,0.142872112238296,0.190909661596023,0.392857142857143,0.889150943396226,0.883036935704514
"ELSA",8,"Universal","concurrent","80pct",4196,1272,4197,4197,1,0.959378817893985,0.954029013336163,0.965583001714422,0.876614577871968,0.12802148172813,0.171745587486799,0.34375,0.911163522012579,0.869699042407661
"ELSA",9,"Universal","concurrent","80pct",4196,1272,4197,4197,1,0.960434653786921,0.955306964075616,0.964713265915179,0.878472625162143,0.107339792238626,0.143366029140697,0.305555555555556,0.914308176100629,0.868673050615595
"ELSA",10,"Universal","concurrent","80pct",4196,1272,4197,4197,1,0.961663504805169,0.956124418846153,0.966861635280497,0.882068261971541,0.092585396797752,0.122955226725406,0.275,0.92374213836478,0.863885088919289
"ELSA",11,"Universal","concurrent","80pct",4196,1272,4197,4197,1,0.962158755560144,0.95683334363122,0.967616145494963,0.883053945062192,0.0830497161501874,0.109617024000566,0.25,0.926100628930818,0.863201094391245
"ELSA",12,"Universal","concurrent","80pct",4196,1272,4197,4197,1,0.962559365562811,0.956343284905615,0.967796724599931,0.884351572303731,0.0740165128611729,0.0953519718645187,0.229166666666667,0.927672955974843,0.860807113543092
"ELSA",13,"Universal","concurrent","80pct",4196,1272,4197,4197,1,0.962758729533937,0.957067988178949,0.968353886500523,0.884629259242278,0.0691034435266308,0.0880758274253259,0.211538461538462,0.927672955974843,0.859439124487004
"ELSA",14,"Universal","concurrent","80pct",4196,1272,4197,4197,1,0.963655262456014,0.958157657629061,0.969481954513799,0.885623828758998,0.0680043219230697,0.0871131922491474,0.196428571428571,0.932389937106918,0.855677154582763
"ELSA",15,"Universal","concurrent","80pct",4196,1272,4197,4197,1,0.963685644288431,0.958087853639271,0.96931614679732,0.885884585067724,0.0655977422466096,0.0829320350638088,0.183333333333333,0.933176100628931,0.854309165526676
"ELSA",16,"Universal","concurrent","80pct",4196,1272,4197,4197,1,0.963719252510131,0.958042276188606,0.969846132490147,0.885776689492354,0.0651368647312941,0.0815687522633142,0.171875,0.933176100628931,0.85328317373461
"ELSA",1,"Phenotype","concurrent","80pct",4196,1272,4197,4197,1,0.713602430331501,0.696393814553659,0.732005033301739,0.397250832305281,0.302759620059606,0.3801314009506,0,1,0
"ELSA",2,"Phenotype","concurrent","80pct",4196,1272,4197,4197,1,0.822346402360857,0.808821151050339,0.838222705370598,0.575744058793143,0.251753044417164,0.321354724429563,0,1,0
"ELSA",3,"Phenotype","concurrent","80pct",4196,1272,4197,4197,1,0.895846238890466,0.885755572104515,0.906786944373898,0.744150206745748,0.206446344668665,0.279543673843752,0.333333333333333,0.887578616352201,0.692544459644323
"ELSA",4,"Phenotype","concurrent","80pct",4196,1272,4197,4196,0.999761734572314,0.921471835772484,0.913582943809829,0.929534584805814,0.813524700278868,0.18516383836755,0.255570689711697,0.4375,0.851415094339623,0.840287277701778
"ELSA",5,"Phenotype","concurrent","80pct",4196,1272,4197,4197,1,0.916809031093789,0.907143060914695,0.92569521133758,0.816937831606075,0.187804395427945,0.256043186893539,0.35,0.897012578616352,0.761969904240766
"ELSA",6,"Phenotype","concurrent","80pct",4196,1272,4197,4197,1,0.942935659344914,0.935853772571018,0.948267090934541,0.851752779370528,0.160272011990852,0.216266452478349,0.416666666666667,0.893081761006289,0.830027359781122
"ELSA",7,"Phenotype","concurrent","80pct",4196,1272,4197,4197,1,0.947381489344312,0.942231289835873,0.953493069601937,0.859615152437765,0.136219478342385,0.183145684495768,0.357142857142857,0.904874213836478,0.817373461012312
"ELSA",8,"Phenotype","concurrent","80pct",4196,1272,4197,4197,1,0.950384451169674,0.943223498125658,0.956251928586642,0.863291159144857,0.122256496400313,0.164664188906451,0.3125,0.919025157232704,0.801299589603283
"ELSA",9,"Phenotype","concurrent","80pct",4196,1272,4197,4197,1,0.960803537628303,0.955009132565935,0.966509638927032,0.878992076018795,0.108598639607833,0.144741334236926,0.305555555555556,0.915094339622642,0.867647058823529
"ELSA",10,"Phenotype","concurrent","80pct",4196,1272,4197,4197,1,0.960922107434461,0.954673850768481,0.966600861771698,0.880544607413556,0.0941633241301354,0.125060746925052,0.275,0.917452830188679,0.864227086183311
"ELSA",11,"Phenotype","concurrent","80pct",4196,1272,4197,4197,1,0.961468845985081,0.955358512325271,0.966942569548727,0.881511505412234,0.0842395007431855,0.111143340603672,0.25,0.919811320754717,0.862517099863201
"ELSA",12,"Phenotype","concurrent","80pct",4196,1272,4197,4197,1,0.961815951698802,0.955329181951021,0.966645863603616,0.882358299819989,0.0759848754616159,0.0988772989770444,0.229166666666667,0.922169811320755,0.860807113543092
"ELSA",13,"Phenotype","concurrent","80pct",4196,1272,4197,4197,1,0.963053271988918,0.956623126488459,0.967867960617292,0.884732670220428,0.070399826827193,0.0904923431809793,0.211538461538462,0.927672955974843,0.85875512995896
"ELSA",14,"Phenotype","concurrent","80pct",4196,1272,4197,4197,1,0.963627165982672,0.958045378156617,0.968733141618346,0.885568488219478,0.0680213449381862,0.0870786333367335,0.196428571428571,0.932389937106918,0.855335157318741
"ELSA",15,"Phenotype","concurrent","80pct",4196,1272,4197,4197,1,0.963685644288431,0.95954528179496,0.968590221056249,0.885884585067724,0.0655977422466096,0.0829320350638088,0.183333333333333,0.933176100628931,0.854309165526676
"ELSA",16,"Phenotype","concurrent","80pct",4196,1272,4197,4197,1,0.963719252510131,0.958306043448479,0.968971468495473,0.885776689492354,0.0651368647312941,0.0815687522633142,0.171875,0.933176100628931,0.85328317373461
"ELSA",1,"Universal","followup_frail","80pct",2581,884,4197,4197,1,0.68723385959252,0.668660770096887,0.704590462608329,NA,NA,NA,0,NA,NA
"ELSA",2,"Universal","followup_frail","80pct",2581,884,4197,4197,1,0.780619645528308,0.763781004027414,0.800386097009148,NA,NA,NA,0.5,NA,NA
"ELSA",3,"Universal","followup_frail","80pct",2581,884,4197,4197,1,0.805897818081949,0.787753566518821,0.821915942780607,NA,NA,NA,0.333333333333333,NA,NA
"ELSA",4,"Universal","followup_frail","80pct",2581,884,4197,4196,0.999761734572314,0.851804288643521,0.838591448249879,0.867885375492598,NA,NA,NA,0.4375,NA,NA
"ELSA",5,"Universal","followup_frail","80pct",2581,884,4197,4197,1,0.851427992438079,0.838045103039378,0.867002099473736,NA,NA,NA,0.5,NA,NA
"ELSA",6,"Universal","followup_frail","80pct",2581,884,4197,4197,1,0.853075163250559,0.83864353756669,0.869902121849863,NA,NA,NA,0.416666666666667,NA,NA
"ELSA",7,"Universal","followup_frail","80pct",2581,884,4197,4197,1,0.854293043086416,0.837191960483798,0.868608672631834,NA,NA,NA,0.392857142857143,NA,NA
"ELSA",8,"Universal","followup_frail","80pct",2581,884,4197,4197,1,0.855975210445903,0.843276766249029,0.872108375934819,NA,NA,NA,0.34375,NA,NA
"ELSA",9,"Universal","followup_frail","80pct",2581,884,4197,4197,1,0.856443497574906,0.842683767594328,0.870562629881941,NA,NA,NA,0.305555555555556,NA,NA
"ELSA",10,"Universal","followup_frail","80pct",2581,884,4197,4197,1,0.857134762703413,0.838427364313511,0.869854999054003,NA,NA,NA,0.275,NA,NA
"ELSA",11,"Universal","followup_frail","80pct",2581,884,4197,4197,1,0.857379738532465,0.843954129068566,0.871388089849556,NA,NA,NA,0.25,NA,NA
"ELSA",12,"Universal","followup_frail","80pct",2581,884,4197,4197,1,0.857657044504942,0.844658769823811,0.870414295676278,NA,NA,NA,0.229166666666667,NA,NA
"ELSA",13,"Universal","followup_frail","80pct",2581,884,4197,4197,1,0.857408735671414,0.84287460339421,0.869423970144073,NA,NA,NA,0.211538461538462,NA,NA
"ELSA",14,"Universal","followup_frail","80pct",2581,884,4197,4197,1,0.858012342782179,0.845547271521376,0.870549247857939,NA,NA,NA,0.196428571428571,NA,NA
"ELSA",15,"Universal","followup_frail","80pct",2581,884,4197,4197,1,0.857784031975512,0.844178573252454,0.873720735218621,NA,NA,NA,0.183333333333333,NA,NA
"ELSA",16,"Universal","followup_frail","80pct",2581,884,4197,4197,1,0.857899353930412,0.842237111489908,0.870857343281439,NA,NA,NA,0.171875,NA,NA
"ELSA",1,"Phenotype","followup_frail","80pct",2581,884,4197,4197,1,0.623116852470556,0.601376386895132,0.641499788318177,NA,NA,NA,0,NA,NA
"ELSA",2,"Phenotype","followup_frail","80pct",2581,884,4197,4197,1,0.708433767868237,0.688294307070502,0.731657154757711,NA,NA,NA,0,NA,NA
"ELSA",3,"Phenotype","followup_frail","80pct",2581,884,4197,4197,1,0.798574540645323,0.778809464225611,0.815513847369629,NA,NA,NA,0.333333333333333,NA,NA
"ELSA",4,"Phenotype","followup_frail","80pct",2581,884,4197,4196,0.999761734572314,0.832597183744537,0.816499261065332,0.851344493134182,NA,NA,NA,0.4375,NA,NA
"ELSA",5,"Phenotype","followup_frail","80pct",2581,884,4197,4197,1,0.826475121121383,0.81260486916428,0.839505924737615,NA,NA,NA,0.35,NA,NA
"ELSA",6,"Phenotype","followup_frail","80pct",2581,884,4197,4197,1,0.845150945106749,0.831283125101292,0.861364340004936,NA,NA,NA,0.416666666666667,NA,NA
"ELSA",7,"Phenotype","followup_frail","80pct",2581,884,4197,4197,1,0.848149649234609,0.834184419778836,0.863017061196454,NA,NA,NA,0.357142857142857,NA,NA
"ELSA",8,"Phenotype","followup_frail","80pct",2581,884,4197,4197,1,0.848678597045092,0.831029764701293,0.863577524632602,NA,NA,NA,0.3125,NA,NA
"ELSA",9,"Phenotype","followup_frail","80pct",2581,884,4197,4197,1,0.857054103995073,0.841175371721819,0.873280233903909,NA,NA,NA,0.305555555555556,NA,NA
"ELSA",10,"Phenotype","followup_frail","80pct",2581,884,4197,4197,1,0.85604487023947,0.840287253054219,0.872542722590069,NA,NA,NA,0.275,NA,NA
"ELSA",11,"Phenotype","followup_frail","80pct",2581,884,4197,4197,1,0.856017539602759,0.841743679909376,0.870588037196265,NA,NA,NA,0.25,NA,NA
"ELSA",12,"Phenotype","followup_frail","80pct",2581,884,4197,4197,1,0.856097865010652,0.842418487043134,0.870407229788947,NA,NA,NA,0.229166666666667,NA,NA
"ELSA",13,"Phenotype","followup_frail","80pct",2581,884,4197,4197,1,0.856833125798255,0.842676764780737,0.870543710837407,NA,NA,NA,0.211538461538462,NA,NA
"ELSA",14,"Phenotype","followup_frail","80pct",2581,884,4197,4197,1,0.858037007015308,0.845737418827031,0.872434791889187,NA,NA,NA,0.196428571428571,NA,NA
"ELSA",15,"Phenotype","followup_frail","80pct",2581,884,4197,4197,1,0.857784031975512,0.842976874320305,0.873032254866108,NA,NA,NA,0.183333333333333,NA,NA
"ELSA",16,"Phenotype","followup_frail","80pct",2581,884,4197,4197,1,0.857899353930412,0.846255810827525,0.869605986750999,NA,NA,NA,0.171875,NA,NA
"ELSA",0,"Full_FI","followup_frail","80pct",2581,884,4197,4197,1,0.888319685791002,0.875782622765769,0.901289545552517,NA,NA,NA,NA,NA,NA
"ELSA",1,"Universal","incident_adl","80pct",2181,355,4197,4197,1,0.597621986023479,0.572508420955736,0.622559551133491,NA,NA,NA,0,NA,NA
"ELSA",2,"Universal","incident_adl","80pct",2181,355,4197,4197,1,0.655269734507814,0.628179853489467,0.682126384326687,NA,NA,NA,0.5,NA,NA
"ELSA",3,"Universal","incident_adl","80pct",2181,355,4197,4197,1,0.67841352606328,0.650633541739996,0.712836429312682,NA,NA,NA,0.333333333333333,NA,NA
"ELSA",4,"Universal","incident_adl","80pct",2181,355,4197,4196,0.999761734572314,0.723593477623683,0.693097057556731,0.752430271140041,NA,NA,NA,0.4375,NA,NA
"ELSA",5,"Universal","incident_adl","80pct",2181,355,4197,4197,1,0.737394134797834,0.711897513874671,0.764999159183156,NA,NA,NA,0.5,NA,NA
"ELSA",6,"Universal","incident_adl","80pct",2181,355,4197,4197,1,0.737956435215896,0.706626789370514,0.765954447431269,NA,NA,NA,0.416666666666667,NA,NA
"ELSA",7,"Universal","incident_adl","80pct",2181,355,4197,4197,1,0.736080557826697,0.709687952707667,0.768329689235944,NA,NA,NA,0.392857142857143,NA,NA
"ELSA",8,"Universal","incident_adl","80pct",2181,355,4197,4197,1,0.736080557826697,0.706650560601658,0.764882900215167,NA,NA,NA,0.34375,NA,NA
"ELSA",9,"Universal","incident_adl","80pct",2181,355,4197,4197,1,0.736193943507706,0.702224130563083,0.760956583075468,NA,NA,NA,0.305555555555556,NA,NA
"ELSA",10,"Universal","incident_adl","80pct",2181,355,4197,4197,1,0.738287336284961,0.710584043355315,0.765220845626431,NA,NA,NA,0.275,NA,NA
"ELSA",11,"Universal","incident_adl","80pct",2181,355,4197,4197,1,0.738287336284961,0.711300190217437,0.765330992963437,NA,NA,NA,0.25,NA,NA
"ELSA",12,"Universal","incident_adl","80pct",2181,355,4197,4197,1,0.73984542523487,0.711327363982143,0.770378260739092,NA,NA,NA,0.229166666666667,NA,NA
"ELSA",13,"Universal","incident_adl","80pct",2181,355,4197,4197,1,0.73984542523487,0.711174622769492,0.770584494558922,NA,NA,NA,0.211538461538462,NA,NA
"ELSA",14,"Universal","incident_adl","80pct",2181,355,4197,4197,1,0.73984542523487,0.715146743241645,0.769134687970565,NA,NA,NA,0.196428571428571,NA,NA
"ELSA",15,"Universal","incident_adl","80pct",2181,355,4197,4197,1,0.739826141955787,0.712552914408255,0.770498176701614,NA,NA,NA,0.183333333333333,NA,NA
"ELSA",16,"Universal","incident_adl","80pct",2181,355,4197,4197,1,0.739826141955787,0.712636821732197,0.765738850426018,NA,NA,NA,0.171875,NA,NA
"ELSA",1,"Phenotype","incident_adl","80pct",2181,355,4197,4197,1,0.563288493281706,0.538983268645589,0.594420054178669,NA,NA,NA,0,NA,NA
"ELSA",2,"Phenotype","incident_adl","80pct",2181,355,4197,4197,1,0.62509757339216,0.5926491273579,0.659555560788891,NA,NA,NA,0,NA,NA
"ELSA",3,"Phenotype","incident_adl","80pct",2181,355,4197,4197,1,0.698954074942536,0.671915594585075,0.728845429514085,NA,NA,NA,0.333333333333333,NA,NA
"ELSA",4,"Phenotype","incident_adl","80pct",2181,355,4197,4196,0.999761734572314,0.725861191243849,0.698888099393715,0.750872584717042,NA,NA,NA,0.4375,NA,NA
"ELSA",5,"Phenotype","incident_adl","80pct",2181,355,4197,4197,1,0.724185859957114,0.696702467242279,0.752570346443484,NA,NA,NA,0.35,NA,NA
"ELSA",6,"Phenotype","incident_adl","80pct",2181,355,4197,4197,1,0.73149499406075,0.704659761975459,0.758962255383117,NA,NA,NA,0.416666666666667,NA,NA
"ELSA",7,"Phenotype","incident_adl","80pct",2181,355,4197,4197,1,0.72973481634605,0.701226195279867,0.758785620433205,NA,NA,NA,0.357142857142857,NA,NA
"ELSA",8,"Phenotype","incident_adl","80pct",2181,355,4197,4197,1,0.729754870956296,0.70521339412021,0.754675827406748,NA,NA,NA,0.3125,NA,NA
"ELSA",9,"Phenotype","incident_adl","80pct",2181,355,4197,4197,1,0.737598537556114,0.703367973839321,0.762052186013315,NA,NA,NA,0.305555555555556,NA,NA
"ELSA",10,"Phenotype","incident_adl","80pct",2181,355,4197,4197,1,0.738962251052867,0.710039126829158,0.769660763405618,NA,NA,NA,0.275,NA,NA
"ELSA",11,"Phenotype","incident_adl","80pct",2181,355,4197,4197,1,0.73896765037101,0.715273702588053,0.768351176030293,NA,NA,NA,0.25,NA,NA
"ELSA",12,"Phenotype","incident_adl","80pct",2181,355,4197,4197,1,0.73985005322185,0.709072155045494,0.76923771616238,NA,NA,NA,0.229166666666667,NA,NA
"ELSA",13,"Phenotype","incident_adl","80pct",2181,355,4197,4197,1,0.739111117967388,0.711628729938987,0.763645598594245,NA,NA,NA,0.211538461538462,NA,NA
"ELSA",14,"Phenotype","incident_adl","80pct",2181,355,4197,4197,1,0.73984542523487,0.711746961548701,0.766601899530266,NA,NA,NA,0.196428571428571,NA,NA
"ELSA",15,"Phenotype","incident_adl","80pct",2181,355,4197,4197,1,0.739826141955787,0.706127847540531,0.762215148341337,NA,NA,NA,0.183333333333333,NA,NA
"ELSA",16,"Phenotype","incident_adl","80pct",2181,355,4197,4197,1,0.739826141955787,0.712009500349195,0.76702762852602,NA,NA,NA,0.171875,NA,NA
"ELSA",0,"Full_FI","incident_adl","80pct",2181,355,4197,4197,1,0.754626444317603,0.726884467603949,0.77816233616376,NA,NA,NA,NA,NA,NA
"SHARE",1,"Universal","concurrent","80pct",12552,4581,12560,12560,1,0.785773609425852,0.778274211639113,0.792226220786147,0.625811978942891,0.329743806664255,0.41644160708531,0,1,0
"SHARE",2,"Universal","concurrent","80pct",12552,4581,12560,12560,1,0.86829202760246,0.861392552194669,0.873807210299716,0.746027178962422,0.294755239318491,0.365663857884899,0.5,0.931674306919887,0.651110274745954
"SHARE",3,"Universal","concurrent","80pct",12552,4581,12560,12552,0.999363057324841,0.912971700431966,0.907702665374889,0.917119931289078,0.811967103487936,0.266199529766473,0.339805056651093,0.5,0.926216983191443,0.685484882699787
"SHARE",4,"Universal","concurrent","80pct",12552,4581,12560,12552,0.999363057324841,0.925255587742195,0.920756989163821,0.929907661375025,0.838438205149271,0.225253269253655,0.29464225587688,0.4375,0.926216983191443,0.748463179023962
"SHARE",5,"Universal","concurrent","80pct",12552,4581,12560,12560,1,0.932375002365456,0.928112269441538,0.93621669784077,0.85527184512613,0.230028739105945,0.298262790893684,0.5,0.898712071600087,0.783841425166228
"SHARE",6,"Universal","concurrent","80pct",12552,4581,12560,12560,1,0.940580965966702,0.936962908288267,0.943639827833043,0.867736327498039,0.185478416578012,0.242600981209272,0.416666666666667,0.911591355599214,0.779826872412495
"SHARE",7,"Universal","concurrent","80pct",12552,4581,12560,12560,1,0.943269822436172,0.939501633897083,0.947055948595109,0.871983064272159,0.155527895295543,0.205172098968253,0.392857142857143,0.893036454922506,0.83490151800276
"SHARE",8,"Universal","concurrent","80pct",12552,4581,12560,12560,1,0.946191637000214,0.942408652426901,0.950310164003023,0.876897682339873,0.133535741909671,0.177023739591906,0.34375,0.901768172888016,0.827248776815958
"SHARE",9,"Universal","concurrent","80pct",12552,4581,12560,12560,1,0.946971970621181,0.943035526650751,0.950041759046125,0.878577787333893,0.110438780299059,0.145390536352332,0.305555555555556,0.90526086007422,0.82335967883578
"SHARE",10,"Universal","concurrent","80pct",12552,4581,12560,12560,1,0.948918491395531,0.944506176996798,0.952139011630972,0.881477095615711,0.0957936491316205,0.125617452676022,0.275,0.911373062650076,0.821477857232468
"SHARE",11,"Universal","concurrent","80pct",12552,4581,12560,12560,1,0.949537070242432,0.946499193793805,0.953380389456782,0.882307996481782,0.0853295739973539,0.111682024683317,0.25,0.912682820344903,0.820474219044035
"SHARE",12,"Universal","concurrent","80pct",12552,4581,12560,12560,1,0.949643012567578,0.946298694096451,0.953042019692006,0.882433144215903,0.0770677680635546,0.100379182493845,0.229166666666667,0.913119406243178,0.820223309496926
"SHARE",13,"Universal","concurrent","80pct",12552,4581,12560,12560,1,0.951692257824704,0.948891224618855,0.955021840057114,0.885650213742944,0.0726890559732946,0.0937568984809258,0.211538461538462,0.918576729971622,0.817965123572952
"SHARE",14,"Universal","concurrent","80pct",12552,4581,12560,12560,1,0.952450121320873,0.948801625433856,0.955691897279299,0.886908960981614,0.072968665249077,0.0942510426767581,0.196428571428571,0.92163283125955,0.815205118554761
"SHARE",15,"Universal","concurrent","80pct",12552,4581,12560,12560,1,0.952774671532921,0.949546526193729,0.956199587209668,0.887360846046395,0.0715407575705858,0.0909049775337677,0.183333333333333,0.923379174852652,0.81457784468699
"SHARE",16,"Universal","concurrent","80pct",12552,4581,12560,12560,1,0.952928662406462,0.949338068442728,0.956162169761871,0.887454872648203,0.0719839061518173,0.0902376285958189,0.171875,0.924034053700066,0.814452389913436
"SHARE",1,"Phenotype","concurrent","80pct",12552,4581,12560,12560,1,0.78098011973167,0.773394583928247,0.788829808512205,0.618115462115608,0.353449283451143,0.443992217160036,0,1,0
"SHARE",2,"Phenotype","concurrent","80pct",12552,4581,12560,12557,0.999761146496815,0.873906272494943,0.866678456497436,0.879824557759898,0.729629282259782,0.302604440102545,0.374755685391428,0.375,0.94870115695263,0.591017438213524
"SHARE",3,"Phenotype","concurrent","80pct",12552,4581,12560,12552,0.999363057324841,0.89587943919498,0.889629778178345,0.900892801380522,0.788265859432794,0.247805802111108,0.320816636844701,0.25,0.979043876882777,0.45765901392548
"SHARE",4,"Phenotype","concurrent","80pct",12552,4581,12560,12552,0.999363057324841,0.913210888817083,0.908393154643173,0.917764210419952,0.821640809164427,0.216962666955293,0.286368588602536,0.375,0.937349923597468,0.640948438088069
"SHARE",5,"Phenotype","concurrent","80pct",12552,4581,12560,12560,1,0.925337649569079,0.921243768789866,0.929325596071271,0.846029216289148,0.221422857938946,0.289070663494623,0.4,0.909626719056974,0.759126834776063
"SHARE",6,"Phenotype","concurrent","80pct",12552,4581,12560,12560,1,0.933278818975718,0.929543393985669,0.938053300862525,0.857559155638661,0.179116066517285,0.23647079925601,0.416666666666667,0.894782798515608,0.78208505833647
"SHARE",7,"Phenotype","concurrent","80pct",12552,4581,12560,12560,1,0.938428133571185,0.935142222649784,0.942397002572422,0.865345737716724,0.149748991188675,0.198898628955253,0.357142857142857,0.906788910718184,0.774181407602559
"SHARE",8,"Phenotype","concurrent","80pct",12552,4581,12560,12560,1,0.945982312930871,0.942917270650138,0.949933718113065,0.876723131501967,0.131866732405621,0.174454202696855,0.34375,0.901986465837153,0.828503324551499
"SHARE",9,"Phenotype","concurrent","80pct",12552,4581,12560,12560,1,0.946948103815865,0.942258128166928,0.950178545371929,0.878661149290323,0.111716056828036,0.147726564163555,0.305555555555556,0.905697445972495,0.824112407477104
"SHARE",10,"Phenotype","concurrent","80pct",12552,4581,12560,12560,1,0.947857602998821,0.94395680638359,0.951581955875104,0.880270912925032,0.0976222908139287,0.128920405874314,0.275,0.908535254311286,0.82185422155313
"SHARE",11,"Phenotype","concurrent","80pct",12552,4581,12560,12560,1,0.949376219202818,0.946069713750161,0.952289226699805,0.882662950544869,0.0864811335378634,0.113750594694699,0.25,0.912464527395765,0.820474219044035
"SHARE",12,"Phenotype","concurrent","80pct",12552,4581,12560,12560,1,0.95009345572746,0.947392653149732,0.953653109710029,0.883607709729766,0.0779765390269321,0.10159627789724,0.229166666666667,0.914647456887143,0.819219671308493
"SHARE",13,"Phenotype","concurrent","80pct",12552,4581,12560,12560,1,0.951411360725306,0.947926216427799,0.9543379575346,0.885448794367388,0.074673781422702,0.0971209409021746,0.211538461538462,0.918140144073346,0.816710575837411
"SHARE",14,"Phenotype","concurrent","80pct",12552,4581,12560,12560,1,0.952290242480443,0.948685212273833,0.955370569050439,0.886700088889768,0.0718472281662706,0.0924666491300271,0.196428571428571,0.920759659462999,0.815832392422532
"SHARE",15,"Phenotype","concurrent","80pct",12552,4581,12560,12560,1,0.952787269043472,0.949215926144238,0.956129964333856,0.887366614268909,0.0714817974027073,0.0908191514857995,0.183333333333333,0.923379174852652,0.81457784468699
"SHARE",16,"Phenotype","concurrent","80pct",12552,4581,12560,12560,1,0.952928662406462,0.950030417478379,0.956076942724882,0.887454872648203,0.0719839061518173,0.0902376285958189,0.171875,0.924034053700066,0.814452389913436
"SHARE",1,"Universal","followup_frail","80pct",5851,2374,12560,12560,1,0.666557149291808,0.65360266686343,0.677666338085907,NA,NA,NA,0,NA,NA
"SHARE",2,"Universal","followup_frail","80pct",5851,2374,12560,12560,1,0.745361563617359,0.734270254353625,0.757183308958144,NA,NA,NA,0.5,NA,NA
"SHARE",3,"Universal","followup_frail","80pct",5851,2374,12560,12552,0.999363057324841,0.795197723686209,0.783620614903342,0.80575702263039,NA,NA,NA,0.5,NA,NA
"SHARE",4,"Universal","followup_frail","80pct",5851,2374,12560,12552,0.999363057324841,0.80263987755376,0.793608985836632,0.813142422768796,NA,NA,NA,0.4375,NA,NA
"SHARE",5,"Universal","followup_frail","80pct",5851,2374,12560,12560,1,0.807639273027542,0.798852698177428,0.817005801248542,NA,NA,NA,0.5,NA,NA
"SHARE",6,"Universal","followup_frail","80pct",5851,2374,12560,12560,1,0.81045831567608,0.800313719118468,0.822212611784936,NA,NA,NA,0.416666666666667,NA,NA
"SHARE",7,"Universal","followup_frail","80pct",5851,2374,12560,12560,1,0.810750523539088,0.799180279266735,0.820875821430793,NA,NA,NA,0.392857142857143,NA,NA
"SHARE",8,"Universal","followup_frail","80pct",5851,2374,12560,12560,1,0.81010813871587,0.798414171601924,0.820701109454141,NA,NA,NA,0.34375,NA,NA
"SHARE",9,"Universal","followup_frail","80pct",5851,2374,12560,12560,1,0.810528884117291,0.801113687224605,0.820229123716582,NA,NA,NA,0.305555555555556,NA,NA
"SHARE",10,"Universal","followup_frail","80pct",5851,2374,12560,12560,1,0.811741449830745,0.799250799229575,0.821756826452155,NA,NA,NA,0.275,NA,NA
"SHARE",11,"Universal","followup_frail","80pct",5851,2374,12560,12560,1,0.812024026464437,0.799061839015091,0.822092510373047,NA,NA,NA,0.25,NA,NA
"SHARE",12,"Universal","followup_frail","80pct",5851,2374,12560,12560,1,0.812017605644894,0.800066655832211,0.82323957643154,NA,NA,NA,0.229166666666667,NA,NA
"SHARE",13,"Universal","followup_frail","80pct",5851,2374,12560,12560,1,0.812839107103874,0.801493244266213,0.823535000753398,NA,NA,NA,0.211538461538462,NA,NA
"SHARE",14,"Universal","followup_frail","80pct",5851,2374,12560,12560,1,0.813610271760581,0.802685157806637,0.824576158120107,NA,NA,NA,0.196428571428571,NA,NA
"SHARE",15,"Universal","followup_frail","80pct",5851,2374,12560,12560,1,0.813769096183634,0.804708311020881,0.822463081098164,NA,NA,NA,0.183333333333333,NA,NA
"SHARE",16,"Universal","followup_frail","80pct",5851,2374,12560,12560,1,0.813629291924135,0.801614142764807,0.823871403976179,NA,NA,NA,0.171875,NA,NA
"SHARE",1,"Phenotype","followup_frail","80pct",5851,2374,12560,12560,1,0.671892002299865,0.662139441096544,0.684241373911688,NA,NA,NA,0,NA,NA
"SHARE",2,"Phenotype","followup_frail","80pct",5851,2374,12560,12557,0.999761146496815,0.758531149091672,0.747470130042633,0.772074348057063,NA,NA,NA,0.375,NA,NA
"SHARE",3,"Phenotype","followup_frail","80pct",5851,2374,12560,12552,0.999363057324841,0.780680008402793,0.76727594275549,0.793530582789431,NA,NA,NA,0.25,NA,NA
"SHARE",4,"Phenotype","followup_frail","80pct",5851,2374,12560,12552,0.999363057324841,0.7911062078664,0.780391011896927,0.803840314767712,NA,NA,NA,0.375,NA,NA
"SHARE",5,"Phenotype","followup_frail","80pct",5851,2374,12560,12560,1,0.800580551119537,0.786865630307269,0.810102105718913,NA,NA,NA,0.4,NA,NA
"SHARE",6,"Phenotype","followup_frail","80pct",5851,2374,12560,12560,1,0.802742247223844,0.792386305612729,0.81423262451735,NA,NA,NA,0.416666666666667,NA,NA
"SHARE",7,"Phenotype","followup_frail","80pct",5851,2374,12560,12560,1,0.805304881107017,0.795428406238684,0.818128642811025,NA,NA,NA,0.357142857142857,NA,NA
"SHARE",8,"Phenotype","followup_frail","80pct",5851,2374,12560,12560,1,0.81070491149082,0.797443532686363,0.823584169304505,NA,NA,NA,0.34375,NA,NA
"SHARE",9,"Phenotype","followup_frail","80pct",5851,2374,12560,12560,1,0.81050035387196,0.798762345116666,0.821077862473578,NA,NA,NA,0.305555555555556,NA,NA
"SHARE",10,"Phenotype","followup_frail","80pct",5851,2374,12560,12560,1,0.811322945658787,0.800524623733342,0.821472522482252,NA,NA,NA,0.275,NA,NA
"SHARE",11,"Phenotype","followup_frail","80pct",5851,2374,12560,12560,1,0.812098471626883,0.802621351521239,0.823445875801319,NA,NA,NA,0.25,NA,NA
"SHARE",12,"Phenotype","followup_frail","80pct",5851,2374,12560,12560,1,0.812621768419696,0.801559505166169,0.823238607129229,NA,NA,NA,0.229166666666667,NA,NA
"SHARE",13,"Phenotype","followup_frail","80pct",5851,2374,12560,12560,1,0.812942567101804,0.802032346073008,0.823543195667388,NA,NA,NA,0.211538461538462,NA,NA
"SHARE",14,"Phenotype","followup_frail","80pct",5851,2374,12560,12560,1,0.81331158250426,0.803538042265528,0.824150127464222,NA,NA,NA,0.196428571428571,NA,NA
"SHARE",15,"Phenotype","followup_frail","80pct",5851,2374,12560,12560,1,0.813724998479598,0.803512233217373,0.822863349512331,NA,NA,NA,0.183333333333333,NA,NA
"SHARE",16,"Phenotype","followup_frail","80pct",5851,2374,12560,12560,1,0.813629291924135,0.802213889562727,0.82396642759316,NA,NA,NA,0.171875,NA,NA
"SHARE",0,"Full_FI","followup_frail","80pct",5851,2374,12560,12560,1,0.848751053680717,0.838321694563227,0.8618514785667,NA,NA,NA,NA,NA,NA
"SHARE",1,"Universal","incident_adl","80pct",5130,833,12560,12560,1,0.600428814765376,0.584007770858389,0.617425154240495,NA,NA,NA,0,NA,NA
"SHARE",2,"Universal","incident_adl","80pct",5130,833,12560,12560,1,0.653976461424691,0.634764092161256,0.67290926847377,NA,NA,NA,0.5,NA,NA
"SHARE",3,"Universal","incident_adl","80pct",5130,833,12560,12552,0.999363057324841,0.677057697642706,0.657860603771677,0.695812328612138,NA,NA,NA,0.5,NA,NA
"SHARE",4,"Universal","incident_adl","80pct",5130,833,12560,12552,0.999363057324841,0.678084685119102,0.660655124732519,0.698705520059675,NA,NA,NA,0.4375,NA,NA
"SHARE",5,"Universal","incident_adl","80pct",5130,833,12560,12560,1,0.681955304812174,0.663557048006027,0.699324634803272,NA,NA,NA,0.5,NA,NA
"SHARE",6,"Universal","incident_adl","80pct",5130,833,12560,12560,1,0.685253761732759,0.663032888007506,0.701270963930136,NA,NA,NA,0.416666666666667,NA,NA
"SHARE",7,"Universal","incident_adl","80pct",5130,833,12560,12560,1,0.685770747675379,0.668780870110444,0.703922851318341,NA,NA,NA,0.392857142857143,NA,NA
"SHARE",8,"Universal","incident_adl","80pct",5130,833,12560,12560,1,0.685770747675379,0.666546982269374,0.70784659050998,NA,NA,NA,0.34375,NA,NA
"SHARE",9,"Universal","incident_adl","80pct",5130,833,12560,12560,1,0.684868641429111,0.663775930500796,0.7070044321796,NA,NA,NA,0.305555555555556,NA,NA
"SHARE",10,"Universal","incident_adl","80pct",5130,833,12560,12560,1,0.687860203425098,0.669774767760087,0.71181456333583,NA,NA,NA,0.275,NA,NA
"SHARE",11,"Universal","incident_adl","80pct",5130,833,12560,12560,1,0.687860203425098,0.67037047461732,0.707676591056009,NA,NA,NA,0.25,NA,NA
"SHARE",12,"Universal","incident_adl","80pct",5130,833,12560,12560,1,0.687860203425098,0.67120553602131,0.707090406253426,NA,NA,NA,0.229166666666667,NA,NA
"SHARE",13,"Universal","incident_adl","80pct",5130,833,12560,12560,1,0.688375513109596,0.666520948973489,0.706517051244257,NA,NA,NA,0.211538461538462,NA,NA
"SHARE",14,"Universal","incident_adl","80pct",5130,833,12560,12560,1,0.688375513109596,0.667180400816579,0.707220835455309,NA,NA,NA,0.196428571428571,NA,NA
"SHARE",15,"Universal","incident_adl","80pct",5130,833,12560,12560,1,0.688901997848243,0.670278528242875,0.70641004065457,NA,NA,NA,0.183333333333333,NA,NA
"SHARE",16,"Universal","incident_adl","80pct",5130,833,12560,12560,1,0.688901997848243,0.666732967507285,0.708763465274925,NA,NA,NA,0.171875,NA,NA
"SHARE",1,"Phenotype","incident_adl","80pct",5130,833,12560,12560,1,0.612373830146441,0.599494166398348,0.629259969147494,NA,NA,NA,0,NA,NA
"SHARE",2,"Phenotype","incident_adl","80pct",5130,833,12560,12557,0.999761146496815,0.660163111090375,0.641540456508312,0.68002491453575,NA,NA,NA,0.375,NA,NA
"SHARE",3,"Phenotype","incident_adl","80pct",5130,833,12560,12552,0.999363057324841,0.673189732024995,0.655275209662653,0.693539661812583,NA,NA,NA,0.25,NA,NA
"SHARE",4,"Phenotype","incident_adl","80pct",5130,833,12560,12552,0.999363057324841,0.672410411686201,0.655983146122537,0.691203368561561,NA,NA,NA,0.375,NA,NA
"SHARE",5,"Phenotype","incident_adl","80pct",5130,833,12560,12560,1,0.680110862124696,0.658448582079007,0.694792533978621,NA,NA,NA,0.4,NA,NA
"SHARE",6,"Phenotype","incident_adl","80pct",5130,833,12560,12560,1,0.681956562005766,0.662165768549378,0.702181321392959,NA,NA,NA,0.416666666666667,NA,NA
"SHARE",7,"Phenotype","incident_adl","80pct",5130,833,12560,12560,1,0.683781867413011,0.662392839658951,0.700856605161443,NA,NA,NA,0.357142857142857,NA,NA
"SHARE",8,"Phenotype","incident_adl","80pct",5130,833,12560,12560,1,0.686421834267801,0.662739105017723,0.705214964734689,NA,NA,NA,0.34375,NA,NA
"SHARE",9,"Phenotype","incident_adl","80pct",5130,833,12560,12560,1,0.685893114518323,0.66455223940577,0.703497960167361,NA,NA,NA,0.305555555555556,NA,NA
"SHARE",10,"Phenotype","incident_adl","80pct",5130,833,12560,12560,1,0.686313715618898,0.667737526613892,0.704651185772337,NA,NA,NA,0.275,NA,NA
"SHARE",11,"Phenotype","incident_adl","80pct",5130,833,12560,12560,1,0.688174362134893,0.671232826697468,0.707245834073835,NA,NA,NA,0.25,NA,NA
"SHARE",12,"Phenotype","incident_adl","80pct",5130,833,12560,12560,1,0.68800366318275,0.667543188888889,0.70350963400053,NA,NA,NA,0.229166666666667,NA,NA
"SHARE",13,"Phenotype","incident_adl","80pct",5130,833,12560,12560,1,0.688206769791929,0.668790298681907,0.70822256908666,NA,NA,NA,0.211538461538462,NA,NA
"SHARE",14,"Phenotype","incident_adl","80pct",5130,833,12560,12560,1,0.6883869675401,0.67101005671401,0.703907288721817,NA,NA,NA,0.196428571428571,NA,NA
"SHARE",15,"Phenotype","incident_adl","80pct",5130,833,12560,12560,1,0.688901997848243,0.666655659294511,0.706391100207709,NA,NA,NA,0.183333333333333,NA,NA
"SHARE",16,"Phenotype","incident_adl","80pct",5130,833,12560,12560,1,0.688901997848243,0.670850472487174,0.708034650104553,NA,NA,NA,0.171875,NA,NA
"SHARE",0,"Full_FI","incident_adl","80pct",5130,833,12560,12560,1,0.704034557737454,0.685381131967022,0.721769700865202,NA,NA,NA,NA,NA,NA
"CHARLS",1,"Universal","concurrent","80pct",3946,1952,4021,4011,0.997513056453619,0.695869627324597,0.683432881394416,0.706925549629291,0.550689345797177,0.309452699867052,0.366088811647298,0,1,0
"CHARLS",2,"Universal","concurrent","80pct",3946,1952,4021,3958,0.984332255657797,0.832635200684019,0.820399501794219,0.844047274845646,0.72124177089713,0.263814879280894,0.319104971930593,0.5,0.889344262295082,0.662487462387161
"CHARLS",3,"Universal","concurrent","80pct",3946,1952,4021,3955,0.983586172593882,0.872283859776049,0.862460932447674,0.884201573147693,0.769719154280624,0.259922523318568,0.317207030690492,0.5,0.870389344262295,0.690070210631896
"CHARLS",4,"Universal","concurrent","80pct",3946,1952,4021,3955,0.983586172593882,0.902752956615749,0.892771479356071,0.911506260341245,0.819657453258743,0.234680866929736,0.292499209755919,0.4375,0.928790983606557,0.657472417251755
"CHARLS",5,"Universal","concurrent","80pct",3946,1952,4021,4019,0.999502611290724,0.914244141235181,0.905086461741051,0.922208814166539,0.839308759604891,0.235000835652266,0.293361526856518,0.5,0.844262295081967,0.815947843530592
"CHARLS",6,"Universal","concurrent","80pct",3946,1952,4021,4018,0.999253916936086,0.921838646061134,0.915779611799428,0.929058133662741,0.856371747515009,0.18305175086809,0.232408042974703,0.458333333333333,0.850922131147541,0.827983951855567
"CHARLS",7,"Universal","concurrent","80pct",3946,1952,4021,4017,0.999005222581447,0.925755237022543,0.9173692516988,0.933056562839874,0.86453979231279,0.151989102286231,0.195704962792608,0.392857142857143,0.868340163934426,0.816950852557673
"CHARLS",8,"Universal","concurrent","80pct",3946,1952,4021,4017,0.999005222581447,0.928150357835802,0.921882068058081,0.93594651985262,0.869229407925942,0.123797650114422,0.161456170444987,0.34375,0.874487704918033,0.815947843530592
"CHARLS",9,"Universal","concurrent","80pct",3946,1952,4021,4017,0.999005222581447,0.929351193950705,0.919667326954189,0.937695485508776,0.872347421976429,0.102488889017978,0.134111413950347,0.305555555555556,0.880122950819672,0.811434302908726
"CHARLS",10,"Universal","concurrent","80pct",3946,1952,4021,4021,1,0.930503472507687,0.923099403542687,0.939523665634387,0.875641311569701,0.0920318428942902,0.120357670286394,0.275,0.884733606557377,0.808425275827482
"CHARLS",11,"Universal","concurrent","80pct",3946,1952,4021,4021,1,0.934222621758719,0.926590709441982,0.941105825481641,0.883201667048395,0.0862313993694331,0.11253841977569,0.25,0.894979508196721,0.803410230692076
"CHARLS",12,"Universal","concurrent","80pct",3946,1952,4021,4019,0.999502611290724,0.936225685252479,0.928270346299508,0.942395188238158,0.888089571949209,0.0812484133201185,0.105333518969698,0.229166666666667,0.905225409836066,0.793881644934804
"CHARLS",13,"Universal","concurrent","80pct",3946,1952,4021,4019,0.999502611290724,0.939082745161715,0.933945631212399,0.944260380715036,0.890972158461626,0.0818968315532578,0.105388790949119,0.211538461538462,0.917008196721312,0.778836509528586
"CHARLS",14,"Universal","concurrent","80pct",3946,1952,4021,4017,0.999005222581447,0.940612051317888,0.934143258710938,0.947617145592489,0.893135966474402,0.0811538931590782,0.104210778666309,0.196428571428571,0.91905737704918,0.776830491474423
"CHARLS",15,"Universal","concurrent","80pct",3946,1952,4021,4021,1,0.941895229746617,0.935141228190647,0.947548055036693,0.895152785216639,0.0780363181432157,0.0986832497666795,0.183333333333333,0.921618852459016,0.774824473420261
"CHARLS",16,"Universal","concurrent","80pct",3946,1952,4021,4021,1,0.94175251163326,0.935055376264571,0.947732659389343,0.895214166700753,0.0777175128848059,0.0969470893180137,0.171875,0.921618852459016,0.773319959879639
"CHARLS",1,"Phenotype","concurrent","80pct",3946,1952,4021,4005,0.99602089032579,0.679710751105776,0.667022822192583,0.689303593095487,0.521415220049164,0.306968174060704,0.362679599932202,0,1,0
"CHARLS",2,"Phenotype","concurrent","80pct",3946,1952,4021,3968,0.986819199204178,0.791653135636417,0.778495180792391,0.804607055725233,0.642833551436077,0.258074615887701,0.310880875183947,0,1,0
"CHARLS",3,"Phenotype","concurrent","80pct",3946,1952,4021,3958,0.984332255657797,0.845727500123321,0.834757756384109,0.856111366914432,0.719741997733267,0.243170569567499,0.302002499371094,0.333333333333333,0.897540983606557,0.605315947843531
"CHARLS",4,"Phenotype","concurrent","80pct",3946,1952,4021,3957,0.984083561303158,0.885899116406597,0.875740390455898,0.895244587284565,0.790063551223716,0.222789332706127,0.28201198117097,0.4375,0.899590163934426,0.672016048144433
"CHARLS",5,"Phenotype","concurrent","80pct",3946,1952,4021,4019,0.999502611290724,0.907812191698045,0.899038572260966,0.915128850621063,0.827380749005259,0.222232818199625,0.280819363139941,0.45,0.826844262295082,0.817452357071214
"CHARLS",6,"Phenotype","concurrent","80pct",3946,1952,4021,4018,0.999253916936086,0.915655264975254,0.90762493821234,0.922249384408679,0.846221871547987,0.176045510047127,0.225793012390855,0.416666666666667,0.844262295081967,0.816950852557673
"CHARLS",7,"Phenotype","concurrent","80pct",3946,1952,4021,4017,0.999005222581447,0.918089951206077,0.906920287616394,0.924779559049794,0.851784957089261,0.146307212313718,0.190361716125152,0.357142857142857,0.858606557377049,0.804914744232698
"CHARLS",8,"Phenotype","concurrent","80pct",3946,1952,4021,4017,0.999005222581447,0.927740830072184,0.921033704776799,0.935137625539468,0.86951950683081,0.123908526565429,0.161642614071799,0.34375,0.873975409836066,0.815446339017051
"CHARLS",9,"Phenotype","concurrent","80pct",3946,1952,4021,4017,0.999005222581447,0.929153109944588,0.922126046668124,0.936013824418896,0.873302752147791,0.103600753136694,0.135392777515522,0.305555555555556,0.879610655737705,0.810431293881645
"CHARLS",10,"Phenotype","concurrent","80pct",3946,1952,4021,4020,0.999751305645362,0.930481249075094,0.922974762720828,0.936652112976345,0.878117495729594,0.0926210564072192,0.12136247617932,0.275,0.886782786885246,0.803911735205617
"CHARLS",11,"Phenotype","concurrent","80pct",3946,1952,4021,4019,0.999502611290724,0.933623745211043,0.926699533472656,0.940026504756515,0.883999476433788,0.0871804414382202,0.114003812178783,0.25,0.892930327868853,0.800401203610832
"CHARLS",12,"Phenotype","concurrent","80pct",3946,1952,4021,4018,0.999253916936086,0.935562322212539,0.92905712910655,0.943163407577691,0.886905062949685,0.0828434804890846,0.107485054858472,0.229166666666667,0.902663934426229,0.795386158475426
"CHARLS",13,"Phenotype","concurrent","80pct",3946,1952,4021,4018,0.999253916936086,0.939569476873243,0.933026335650521,0.946528283864137,0.892367801248251,0.0809438969650061,0.104410847061459,0.211538461538462,0.912909836065574,0.786359077231695
"CHARLS",14,"Phenotype","concurrent","80pct",3946,1952,4021,4017,0.999005222581447,0.94099023504941,0.933596672718994,0.948718703289909,0.893627249092451,0.0808909802821258,0.10375791621625,0.196428571428571,0.91905737704918,0.776830491474423
"CHARLS",15,"Phenotype","concurrent","80pct",3946,1952,4021,4021,1,0.942159341754773,0.936645068468035,0.948180638005315,0.895318512970551,0.0779453924424119,0.0985544133928783,0.183333333333333,0.921618852459016,0.775325977933801
"CHARLS",16,"Phenotype","concurrent","80pct",3946,1952,4021,4021,1,0.94175251163326,0.935495307923267,0.948568050728914,0.895214166700753,0.0777175128848059,0.0969470893180137,0.171875,0.921618852459016,0.773319959879639
"CHARLS",1,"Universal","followup_frail","80pct",2930,1534,4021,4011,0.997513056453619,0.633127150398045,0.61897302881456,0.64552077135967,NA,NA,NA,0,NA,NA
"CHARLS",2,"Universal","followup_frail","80pct",2930,1534,4021,3958,0.984332255657797,0.730529908511187,0.715432916379608,0.743800232638486,NA,NA,NA,0.5,NA,NA
"CHARLS",3,"Universal","followup_frail","80pct",2930,1534,4021,3955,0.983586172593882,0.771654811848343,0.756730011916629,0.78628522637236,NA,NA,NA,0.5,NA,NA
"CHARLS",4,"Universal","followup_frail","80pct",2930,1534,4021,3955,0.983586172593882,0.787939699196438,0.775621884939212,0.803070620213175,NA,NA,NA,0.4375,NA,NA
"CHARLS",5,"Universal","followup_frail","80pct",2930,1534,4021,4019,0.999502611290724,0.793681565508456,0.780506800332802,0.81185221545552,NA,NA,NA,0.5,NA,NA
"CHARLS",6,"Universal","followup_frail","80pct",2930,1534,4021,4018,0.999253916936086,0.796915568041303,0.780970751810902,0.81064978343261,NA,NA,NA,0.458333333333333,NA,NA
"CHARLS",7,"Universal","followup_frail","80pct",2930,1534,4021,4017,0.999005222581447,0.798009912844671,0.786458002309158,0.812564342650463,NA,NA,NA,0.392857142857143,NA,NA
"CHARLS",8,"Universal","followup_frail","80pct",2930,1534,4021,4017,0.999005222581447,0.798089998244192,0.780638294394777,0.815005000406815,NA,NA,NA,0.34375,NA,NA
"CHARLS",9,"Universal","followup_frail","80pct",2930,1534,4021,4017,0.999005222581447,0.799505385101034,0.783604851752175,0.81645969242708,NA,NA,NA,0.305555555555556,NA,NA
"CHARLS",10,"Universal","followup_frail","80pct",2930,1534,4021,4021,1,0.801767622523657,0.787006808834925,0.816989285027502,NA,NA,NA,0.275,NA,NA
"CHARLS",11,"Universal","followup_frail","80pct",2930,1534,4021,4021,1,0.805169033894569,0.789535090464284,0.820277364361213,NA,NA,NA,0.25,NA,NA
"CHARLS",12,"Universal","followup_frail","80pct",2930,1534,4021,4019,0.999502611290724,0.805202422268131,0.791627611173164,0.820947745523004,NA,NA,NA,0.229166666666667,NA,NA
"CHARLS",13,"Universal","followup_frail","80pct",2930,1534,4021,4019,0.999502611290724,0.805831664692939,0.790934752854204,0.823234747932949,NA,NA,NA,0.211538461538462,NA,NA
"CHARLS",14,"Universal","followup_frail","80pct",2930,1534,4021,4017,0.999005222581447,0.806274585984168,0.793481508674069,0.821536139635352,NA,NA,NA,0.196428571428571,NA,NA
"CHARLS",15,"Universal","followup_frail","80pct",2930,1534,4021,4021,1,0.806425183892888,0.790539366520917,0.821028958454102,NA,NA,NA,0.183333333333333,NA,NA
"CHARLS",16,"Universal","followup_frail","80pct",2930,1534,4021,4021,1,0.807228139254267,0.789169438361198,0.820178010663268,NA,NA,NA,0.171875,NA,NA
"CHARLS",1,"Phenotype","followup_frail","80pct",2930,1534,4021,4005,0.99602089032579,0.619698953613042,0.605264252096786,0.634817604450548,NA,NA,NA,0,NA,NA
"CHARLS",2,"Phenotype","followup_frail","80pct",2930,1534,4021,3968,0.986819199204178,0.698082013052753,0.681924842356404,0.712874110645397,NA,NA,NA,0,NA,NA
"CHARLS",3,"Phenotype","followup_frail","80pct",2930,1534,4021,3958,0.984332255657797,0.748320541461355,0.732325656770826,0.76351630885379,NA,NA,NA,0.333333333333333,NA,NA
"CHARLS",4,"Phenotype","followup_frail","80pct",2930,1534,4021,3957,0.984083561303158,0.774143529846871,0.756709436087701,0.790252474475269,NA,NA,NA,0.4375,NA,NA
"CHARLS",5,"Phenotype","followup_frail","80pct",2930,1534,4021,4019,0.999502611290724,0.788941116918146,0.77371618168597,0.804144738831835,NA,NA,NA,0.45,NA,NA
"CHARLS",6,"Phenotype","followup_frail","80pct",2930,1534,4021,4018,0.999253916936086,0.792315210528872,0.772994426426693,0.805815250948034,NA,NA,NA,0.416666666666667,NA,NA
"CHARLS",7,"Phenotype","followup_frail","80pct",2930,1534,4021,4017,0.999005222581447,0.793366827553487,0.774546559414782,0.810006774882723,NA,NA,NA,0.357142857142857,NA,NA
"CHARLS",8,"Phenotype","followup_frail","80pct",2930,1534,4021,4017,0.999005222581447,0.798122686162364,0.784191976801286,0.814077893822456,NA,NA,NA,0.34375,NA,NA
"CHARLS",9,"Phenotype","followup_frail","80pct",2930,1534,4021,4017,0.999005222581447,0.799097486579275,0.782803735786212,0.814140220052186,NA,NA,NA,0.305555555555556,NA,NA
"CHARLS",10,"Phenotype","followup_frail","80pct",2930,1534,4021,4020,0.999751305645362,0.800593659291027,0.784282099329295,0.817106535396594,NA,NA,NA,0.275,NA,NA
"CHARLS",11,"Phenotype","followup_frail","80pct",2930,1534,4021,4019,0.999502611290724,0.80251851070109,0.790746944210608,0.817350340007401,NA,NA,NA,0.25,NA,NA
"CHARLS",12,"Phenotype","followup_frail","80pct",2930,1534,4021,4018,0.999253916936086,0.804441961200375,0.788981953604686,0.819578724882532,NA,NA,NA,0.229166666666667,NA,NA
"CHARLS",13,"Phenotype","followup_frail","80pct",2930,1534,4021,4018,0.999253916936086,0.80514475144107,0.790904365509383,0.818373181224812,NA,NA,NA,0.211538461538462,NA,NA
"CHARLS",14,"Phenotype","followup_frail","80pct",2930,1534,4021,4017,0.999005222581447,0.806780081290183,0.792715699107978,0.821224713341347,NA,NA,NA,0.196428571428571,NA,NA
"CHARLS",15,"Phenotype","followup_frail","80pct",2930,1534,4021,4021,1,0.806897991280731,0.791032381363026,0.822244187494851,NA,NA,NA,0.183333333333333,NA,NA
"CHARLS",16,"Phenotype","followup_frail","80pct",2930,1534,4021,4021,1,0.807228139254267,0.791157966946769,0.824595561110587,NA,NA,NA,0.171875,NA,NA
"CHARLS",0,"Full_FI","followup_frail","80pct",2930,1534,4021,4021,1,0.842425789086345,0.828012371199623,0.857819799500895,NA,NA,NA,NA,NA,NA
"CHARLS",1,"Universal","incident_adl","80pct",2288,464,4021,4011,0.997513056453619,0.576933983666062,0.559581678450171,0.60034700946828,NA,NA,NA,0,NA,NA
"CHARLS",2,"Universal","incident_adl","80pct",2288,464,4021,3958,0.984332255657797,0.654742324561403,0.629750747790461,0.680962779905036,NA,NA,NA,0.5,NA,NA
"CHARLS",3,"Universal","incident_adl","80pct",2288,464,4021,3955,0.983586172593882,0.663242494706594,0.637823536856109,0.690431734472874,NA,NA,NA,0.5,NA,NA
"CHARLS",4,"Universal","incident_adl","80pct",2288,464,4021,3955,0.983586172593882,0.675605196990321,0.642858477447348,0.702905439694808,NA,NA,NA,0.4375,NA,NA
"CHARLS",5,"Universal","incident_adl","80pct",2288,464,4021,4019,0.999502611290724,0.67502327680732,0.646087768535569,0.703790718840734,NA,NA,NA,0.5,NA,NA
"CHARLS",6,"Universal","incident_adl","80pct",2288,464,4021,4018,0.999253916936086,0.680262921581972,0.651900930279833,0.705360368264259,NA,NA,NA,0.458333333333333,NA,NA
"CHARLS",7,"Universal","incident_adl","80pct",2288,464,4021,4017,0.999005222581447,0.682979336811857,0.658080010848452,0.708492637166713,NA,NA,NA,0.392857142857143,NA,NA
"CHARLS",8,"Universal","incident_adl","80pct",2288,464,4021,4017,0.999005222581447,0.682889537961282,0.659234803895514,0.705841933261615,NA,NA,NA,0.34375,NA,NA
"CHARLS",9,"Universal","incident_adl","80pct",2288,464,4021,4017,0.999005222581447,0.68238087473533,0.655477878549774,0.705929061071323,NA,NA,NA,0.305555555555556,NA,NA
"CHARLS",10,"Universal","incident_adl","80pct",2288,464,4021,4021,1,0.682386782554447,0.654253346477851,0.705473640318816,NA,NA,NA,0.275,NA,NA
"CHARLS",11,"Universal","incident_adl","80pct",2288,464,4021,4021,1,0.685612451792196,0.654214815733803,0.711718572670696,NA,NA,NA,0.25,NA,NA
"CHARLS",12,"Universal","incident_adl","80pct",2288,464,4021,4019,0.999502611290724,0.687648286259831,0.6598097158119,0.709714853945173,NA,NA,NA,0.229166666666667,NA,NA
"CHARLS",13,"Universal","incident_adl","80pct",2288,464,4021,4019,0.999502611290724,0.687705592105263,0.666828682960891,0.710885466504125,NA,NA,NA,0.211538461538462,NA,NA
"CHARLS",14,"Universal","incident_adl","80pct",2288,464,4021,4017,0.999005222581447,0.687685505520266,0.660452357935165,0.71204825962242,NA,NA,NA,0.196428571428571,NA,NA
"CHARLS",15,"Universal","incident_adl","80pct",2288,464,4021,4021,1,0.687996847587719,0.657977460266799,0.715157723349878,NA,NA,NA,0.183333333333333,NA,NA
"CHARLS",16,"Universal","incident_adl","80pct",2288,464,4021,4021,1,0.688024023555656,0.666764827061292,0.715165865569595,NA,NA,NA,0.171875,NA,NA
"CHARLS",1,"Phenotype","incident_adl","80pct",2288,464,4021,4005,0.99602089032579,0.565118345432547,0.546489780366292,0.582471956409994,NA,NA,NA,0,NA,NA
"CHARLS",2,"Phenotype","incident_adl","80pct",2288,464,4021,3968,0.986819199204178,0.62565576792196,0.597396542063583,0.651983364102624,NA,NA,NA,0,NA,NA
"CHARLS",3,"Phenotype","incident_adl","80pct",2288,464,4021,3958,0.984332255657797,0.648895355981549,0.627140011850478,0.673067279118066,NA,NA,NA,0.333333333333333,NA,NA
"CHARLS",4,"Phenotype","incident_adl","80pct",2288,464,4021,3957,0.984083561303158,0.663812008469449,0.632703837201445,0.690423487430839,NA,NA,NA,0.4375,NA,NA
"CHARLS",5,"Phenotype","incident_adl","80pct",2288,464,4021,4019,0.999502611290724,0.673929148706897,0.650941860889421,0.699501305056421,NA,NA,NA,0.45,NA,NA
"CHARLS",6,"Phenotype","incident_adl","80pct",2288,464,4021,4018,0.999253916936086,0.681314513384755,0.657686852354232,0.704852889614315,NA,NA,NA,0.416666666666667,NA,NA
"CHARLS",7,"Phenotype","incident_adl","80pct",2288,464,4021,4017,0.999005222581447,0.680811167196007,0.655895182769482,0.710730240343823,NA,NA,NA,0.357142857142857,NA,NA
"CHARLS",8,"Phenotype","incident_adl","80pct",2288,464,4021,4017,0.999005222581447,0.682529751777072,0.660253277006489,0.707074421641043,NA,NA,NA,0.34375,NA,NA
"CHARLS",9,"Phenotype","incident_adl","80pct",2288,464,4021,4017,0.999005222581447,0.6810132146098,0.658978963320908,0.707252307388819,NA,NA,NA,0.305555555555556,NA,NA
"CHARLS",10,"Phenotype","incident_adl","80pct",2288,464,4021,4020,0.999751305645362,0.682103207236842,0.657463062166087,0.706360464774439,NA,NA,NA,0.275,NA,NA
"CHARLS",11,"Phenotype","incident_adl","80pct",2288,464,4021,4019,0.999502611290724,0.683437783575318,0.660447080681339,0.709955581974169,NA,NA,NA,0.25,NA,NA
"CHARLS",12,"Phenotype","incident_adl","80pct",2288,464,4021,4018,0.999253916936086,0.684078781949486,0.66061699594497,0.711764819618378,NA,NA,NA,0.229166666666667,NA,NA
"CHARLS",13,"Phenotype","incident_adl","80pct",2288,464,4021,4018,0.999253916936086,0.686863727881125,0.664090986256547,0.710422598757585,NA,NA,NA,0.211538461538462,NA,NA
"CHARLS",14,"Phenotype","incident_adl","80pct",2288,464,4021,4017,0.999005222581447,0.688034066848155,0.660311166674002,0.721648475258659,NA,NA,NA,0.196428571428571,NA,NA
"CHARLS",15,"Phenotype","incident_adl","80pct",2288,464,4021,4021,1,0.687996847587719,0.664938664685703,0.716664279387928,NA,NA,NA,0.183333333333333,NA,NA
"CHARLS",16,"Phenotype","incident_adl","80pct",2288,464,4021,4021,1,0.688024023555656,0.666231173497987,0.713234175084354,NA,NA,NA,0.171875,NA,NA
"CHARLS",0,"Full_FI","incident_adl","80pct",2288,464,4021,4021,1,0.70547985669994,0.674629612372593,0.729212788893664,NA,NA,NA,NA,NA,NA
"MHAS",1,"Universal","concurrent","80pct",5433,3409,5827,5730,0.98335335507122,0.753815681461651,0.743338120574207,0.761604853752997,0.630928991695976,0.354016112266883,0.403622125934367,0,1,0
"MHAS",2,"Universal","concurrent","80pct",5433,3409,5827,5484,0.941136090612665,0.860902377686593,0.852975994372296,0.86928295251666,0.75771175420032,0.290484618323415,0.346008827286586,0.5,0.87004986799648,0.742094861660079
"MHAS",3,"Universal","concurrent","80pct",5433,3409,5827,5480,0.940449631027973,0.891756823660225,0.882882377640104,0.899543021568976,0.804306129144058,0.255428132612459,0.306868819145744,0.333333333333333,0.908770900557348,0.698122529644269
"MHAS",4,"Universal","concurrent","80pct",5433,3409,5827,5480,0.940449631027973,0.91412386939014,0.908318538864594,0.921379993495235,0.8322684867115,0.219668906087307,0.276889730803268,0.4375,0.870636550308008,0.799901185770751
"MHAS",5,"Universal","concurrent","80pct",5433,3409,5827,5765,0.989359876437275,0.927212189426501,0.921090034326408,0.934225636929577,0.849419904382436,0.231135742962712,0.286541489814222,0.5,0.844529187444998,0.858695652173913
"MHAS",6,"Universal","concurrent","80pct",5433,3409,5827,5751,0.986957267890853,0.930997435293927,0.925879683362402,0.936466813379476,0.866618912405805,0.178663802238812,0.222887180307167,0.458333333333333,0.820475212672338,0.901185770750988
"MHAS",7,"Universal","concurrent","80pct",5433,3409,5827,5750,0.98678565299468,0.93438107624899,0.928329738440344,0.941182695706752,0.874702239477044,0.149897012795133,0.188582272521155,0.392857142857143,0.834848929304781,0.896245059288538
"MHAS",8,"Universal","concurrent","80pct",5433,3409,5827,5748,0.986442423202334,0.935563354153212,0.928297815396437,0.941303473688218,0.879116233204913,0.12889234349905,0.162829302317794,0.34375,0.8404224112643,0.893774703557312
"MHAS",9,"Universal","concurrent","80pct",5433,3409,5827,5747,0.986270808306161,0.935883652549575,0.930745536102098,0.941728855040372,0.880903356129742,0.107260917665882,0.135269584293236,0.305555555555556,0.841009093575829,0.893774703557312
"MHAS",10,"Universal","concurrent","80pct",5433,3409,5827,5801,0.995538012699502,0.936565844654408,0.931720716323323,0.941843880795025,0.882517009804478,0.0923142616260218,0.115789315657133,0.275,0.84394250513347,0.893774703557312
"MHAS",11,"Universal","concurrent","80pct",5433,3409,5827,5787,0.99313540415308,0.937290211796952,0.931195632588034,0.94301444074749,0.88329453262255,0.0894811335318207,0.112094371213119,0.272727272727273,0.750366676444705,0.954051383399209
"MHAS",12,"Universal","concurrent","80pct",5433,3409,5827,5787,0.99313540415308,0.937883705884331,0.932247572212413,0.943541058555357,0.885676639943472,0.0900758757351717,0.112172126833181,0.25,0.753300088002347,0.953557312252964
"MHAS",13,"Universal","concurrent","80pct",5433,3409,5827,5786,0.992963789256908,0.939273670486285,0.932744961140999,0.944731492075251,0.887192952261878,0.0923268137935674,0.114261374243693,0.230769230769231,0.759753593429158,0.951581027667984
"MHAS",14,"Universal","concurrent","80pct",5433,3409,5827,5785,0.992792174360735,0.939611360650777,0.934429303813753,0.945391814693096,0.888274044935786,0.0966131189253235,0.118477307963807,0.214285714285714,0.765620416544441,0.951086956521739
"MHAS",15,"Universal","concurrent","80pct",5433,3409,5827,5813,0.997597391453578,0.93946135665067,0.933049967176889,0.944371118686703,0.88768606087688,0.102768697457803,0.124331798240794,0.2,0.766793781167498,0.950592885375494
"MHAS",16,"Universal","concurrent","80pct",5433,3409,5827,5811,0.997254161661232,0.939471211985943,0.933588597068321,0.946088918738949,0.887739337801243,0.110173398564866,0.131398460771595,0.1875,0.767087122323262,0.950592885375494
"MHAS",1,"Phenotype","concurrent","80pct",5433,3409,5827,5641,0.968079629311824,0.744102886221893,0.73246714944505,0.755842482104667,0.569361948632923,0.392745713442675,0.446350445585587,0,1,0
"MHAS",2,"Phenotype","concurrent","80pct",5433,3409,5827,5574,0.956581431268234,0.822996511791039,0.811681625905083,0.831629634007745,0.674107501676612,0.297490982480599,0.354262017890076,0.5,0.804928131416838,0.786067193675889
"MHAS",3,"Phenotype","concurrent","80pct",5433,3409,5827,5496,0.943195469366741,0.849564756509449,0.839805850502071,0.859339548870516,0.722714922765033,0.235134194716347,0.291892493183631,0.333333333333333,0.865356409504253,0.723320158102767
"MHAS",4,"Phenotype","concurrent","80pct",5433,3409,5827,5487,0.941650935301184,0.890357510982902,0.883052290018508,0.899197331647094,0.783803543494442,0.21471394692504,0.273656562877019,0.4375,0.849515987092989,0.777667984189723
"MHAS",5,"Phenotype","concurrent","80pct",5433,3409,5827,5770,0.99021795091814,0.916873000671322,0.909728327645389,0.923322643826949,0.82898271061832,0.212980597598843,0.268674189735402,0.45,0.812261660310942,0.864624505928854
"MHAS",6,"Phenotype","concurrent","80pct",5433,3409,5827,5757,0.987986957267891,0.919178062139628,0.912335096595738,0.924651165566,0.839362202356057,0.16461064693779,0.208851170521901,0.416666666666667,0.818421824581989,0.862154150197628
"MHAS",7,"Phenotype","concurrent","80pct",5433,3409,5827,5753,0.987300497683199,0.923732748815331,0.915600339129628,0.930623380695885,0.85225404744621,0.138681656363339,0.17627654640251,0.357142857142857,0.836315635083602,0.856225296442688
"MHAS",8,"Phenotype","concurrent","80pct",5433,3409,5827,5747,0.986270808306161,0.934699055742936,0.929733913125843,0.940172775842353,0.877394095004984,0.117912179214467,0.148007199269392,0.34375,0.835142270460546,0.897233201581028
"MHAS",9,"Phenotype","concurrent","80pct",5433,3409,5827,5741,0.985241118929123,0.935781041117618,0.929696423828806,0.940467694426842,0.880608634090805,0.102955599906298,0.129621986115089,0.305555555555556,0.83895570548548,0.896739130434783
"MHAS",10,"Phenotype","concurrent","80pct",5433,3409,5827,5792,0.993993478633945,0.936925781788964,0.930946070152396,0.943101659820069,0.88305661392257,0.0925956964812348,0.116323882146242,0.275,0.843062481666178,0.895750988142292
"MHAS",11,"Phenotype","concurrent","80pct",5433,3409,5827,5790,0.993650248841599,0.937390866654995,0.930069880957335,0.942970759333818,0.884272190139771,0.0906393896774578,0.113606069174973,0.272727272727273,0.750366676444705,0.954051383399209
"MHAS",12,"Phenotype","concurrent","80pct",5433,3409,5827,5787,0.99313540415308,0.937973925681496,0.93193269878227,0.942757147845629,0.885563061320341,0.0899059096570925,0.112025261471865,0.25,0.754766793781168,0.953557312252964
"MHAS",13,"Phenotype","concurrent","80pct",5433,3409,5827,5786,0.992963789256908,0.939265771724927,0.933323375312922,0.944764388654538,0.887067195989474,0.0925473206035438,0.114444018809521,0.230769230769231,0.760340275740686,0.952569169960474
"MHAS",14,"Phenotype","concurrent","80pct",5433,3409,5827,5785,0.992792174360735,0.939418384490253,0.933613045728998,0.944395848673354,0.887425039457721,0.0967783986611274,0.118616075067029,0.214285714285714,0.763860369609856,0.951086956521739
"MHAS",15,"Phenotype","concurrent","80pct",5433,3409,5827,5813,0.997597391453578,0.939445848990756,0.93470756174531,0.945465575575561,0.887644964319969,0.102868432496477,0.124436949916665,0.2,0.766207098855969,0.950592885375494
"MHAS",16,"Phenotype","concurrent","80pct",5433,3409,5827,5811,0.997254161661232,0.939471211985943,0.933264314906848,0.944669970670987,0.887739337801243,0.110173398564866,0.131398460771595,0.1875,0.767087122323262,0.950592885375494
"MHAS",1,"Universal","followup_frail","80pct",3989,2528,5827,5730,0.98335335507122,0.669039949011861,0.657800305777913,0.680149912207773,NA,NA,NA,0,NA,NA
"MHAS",2,"Universal","followup_frail","80pct",3989,2528,5827,5484,0.941136090612665,0.733349388965422,0.720241542221676,0.747113421513284,NA,NA,NA,0.5,NA,NA
"MHAS",3,"Universal","followup_frail","80pct",3989,2528,5827,5480,0.940449631027973,0.758420001256292,0.743972238664323,0.772914228921233,NA,NA,NA,0.333333333333333,NA,NA
"MHAS",4,"Universal","followup_frail","80pct",3989,2528,5827,5480,0.940449631027973,0.786247417019728,0.771901176939293,0.80118427766705,NA,NA,NA,0.4375,NA,NA
"MHAS",5,"Universal","followup_frail","80pct",3989,2528,5827,5765,0.989359876437275,0.790546156828598,0.775165847482596,0.80544710737564,NA,NA,NA,0.5,NA,NA
"MHAS",6,"Universal","followup_frail","80pct",3989,2528,5827,5751,0.986957267890853,0.793167042471344,0.778617308462328,0.8050095176538,NA,NA,NA,0.458333333333333,NA,NA
"MHAS",7,"Universal","followup_frail","80pct",3989,2528,5827,5750,0.98678565299468,0.792999040452612,0.779381837410594,0.806447072936156,NA,NA,NA,0.392857142857143,NA,NA
"MHAS",8,"Universal","followup_frail","80pct",3989,2528,5827,5748,0.986442423202334,0.792949763470486,0.774431184909626,0.80669331471295,NA,NA,NA,0.34375,NA,NA
"MHAS",9,"Universal","followup_frail","80pct",3989,2528,5827,5747,0.986270808306161,0.793335856748022,0.778380480081499,0.80682279609162,NA,NA,NA,0.305555555555556,NA,NA
"MHAS",10,"Universal","followup_frail","80pct",3989,2528,5827,5801,0.995538012699502,0.793918245696116,0.77718504686106,0.806599025894822,NA,NA,NA,0.275,NA,NA
"MHAS",11,"Universal","followup_frail","80pct",3989,2528,5827,5787,0.99313540415308,0.794026411379409,0.781026147819835,0.805591036108393,NA,NA,NA,0.272727272727273,NA,NA
"MHAS",12,"Universal","followup_frail","80pct",3989,2528,5827,5787,0.99313540415308,0.795214338627089,0.782696846327722,0.806296029169107,NA,NA,NA,0.25,NA,NA
"MHAS",13,"Universal","followup_frail","80pct",3989,2528,5827,5786,0.992963789256908,0.796339992765489,0.781547992420895,0.81050051374193,NA,NA,NA,0.230769230769231,NA,NA
"MHAS",14,"Universal","followup_frail","80pct",3989,2528,5827,5785,0.992792174360735,0.796361788353737,0.782653023555592,0.808490068764662,NA,NA,NA,0.214285714285714,NA,NA
"MHAS",15,"Universal","followup_frail","80pct",3989,2528,5827,5813,0.997597391453578,0.796261068368293,0.782132169668834,0.810036138761082,NA,NA,NA,0.2,NA,NA
"MHAS",16,"Universal","followup_frail","80pct",3989,2528,5827,5811,0.997254161661232,0.796380605662846,0.782751285579459,0.809413577072697,NA,NA,NA,0.1875,NA,NA
"MHAS",1,"Phenotype","followup_frail","80pct",3989,2528,5827,5641,0.968079629311824,0.644982763886362,0.628581994044438,0.656818606202416,NA,NA,NA,0,NA,NA
"MHAS",2,"Phenotype","followup_frail","80pct",3989,2528,5827,5574,0.956581431268234,0.698309934889403,0.681416678500751,0.713045238392042,NA,NA,NA,0.5,NA,NA
"MHAS",3,"Phenotype","followup_frail","80pct",3989,2528,5827,5496,0.943195469366741,0.72859795072735,0.710793108050111,0.740383955548952,NA,NA,NA,0.333333333333333,NA,NA
"MHAS",4,"Phenotype","followup_frail","80pct",3989,2528,5827,5487,0.941650935301184,0.760042486505688,0.744660556401091,0.771443609143142,NA,NA,NA,0.4375,NA,NA
"MHAS",5,"Phenotype","followup_frail","80pct",3989,2528,5827,5770,0.99021795091814,0.779745698281912,0.766752238939934,0.793783435792546,NA,NA,NA,0.45,NA,NA
"MHAS",6,"Phenotype","followup_frail","80pct",3989,2528,5827,5757,0.987986957267891,0.780674785997106,0.766226582676779,0.79297792749566,NA,NA,NA,0.416666666666667,NA,NA
"MHAS",7,"Phenotype","followup_frail","80pct",3989,2528,5827,5753,0.987300497683199,0.782114377832073,0.767949823985178,0.79343224077915,NA,NA,NA,0.357142857142857,NA,NA
"MHAS",8,"Phenotype","followup_frail","80pct",3989,2528,5827,5747,0.986270808306161,0.793588198216931,0.777224472649261,0.807207133978318,NA,NA,NA,0.34375,NA,NA
"MHAS",9,"Phenotype","followup_frail","80pct",3989,2528,5827,5741,0.985241118929123,0.794864796957173,0.784392165721417,0.809807440653136,NA,NA,NA,0.305555555555556,NA,NA
"MHAS",10,"Phenotype","followup_frail","80pct",3989,2528,5827,5792,0.993993478633945,0.794851394701046,0.778340332131948,0.807503431794195,NA,NA,NA,0.275,NA,NA
"MHAS",11,"Phenotype","followup_frail","80pct",3989,2528,5827,5790,0.993650248841599,0.794546933347196,0.782416422195273,0.805202517207513,NA,NA,NA,0.272727272727273,NA,NA
"MHAS",12,"Phenotype","followup_frail","80pct",3989,2528,5827,5787,0.99313540415308,0.794489127656625,0.781018313136084,0.807970461424279,NA,NA,NA,0.25,NA,NA
"MHAS",13,"Phenotype","followup_frail","80pct",3989,2528,5827,5786,0.992963789256908,0.795545062987896,0.781246947145981,0.810176505921008,NA,NA,NA,0.230769230769231,NA,NA
"MHAS",14,"Phenotype","followup_frail","80pct",3989,2528,5827,5785,0.992792174360735,0.796011569802199,0.782930194699174,0.809918518883084,NA,NA,NA,0.214285714285714,NA,NA
"MHAS",15,"Phenotype","followup_frail","80pct",3989,2528,5827,5813,0.997597391453578,0.796355154913836,0.782080797157071,0.808193214426403,NA,NA,NA,0.2,NA,NA
"MHAS",16,"Phenotype","followup_frail","80pct",3989,2528,5827,5811,0.997254161661232,0.796380605662846,0.7833545870152,0.808269430163781,NA,NA,NA,0.1875,NA,NA
"MHAS",0,"Full_FI","followup_frail","80pct",3989,2528,5827,5827,1,0.843773826233116,0.831655318701832,0.856511314105975,NA,NA,NA,NA,NA,NA
"MHAS",1,"Universal","incident_adl","80pct",3480,765,5827,5730,0.98335335507122,0.596638139602065,0.578597763005627,0.616069515024096,NA,NA,NA,0,NA,NA
"MHAS",2,"Universal","incident_adl","80pct",3480,765,5827,5484,0.941136090612665,0.641026974325642,0.617083966880476,0.658218150511267,NA,NA,NA,0.5,NA,NA
"MHAS",3,"Universal","incident_adl","80pct",3480,765,5827,5480,0.940449631027973,0.643572021810566,0.623951288313526,0.664020046077714,NA,NA,NA,0.333333333333333,NA,NA
"MHAS",4,"Universal","incident_adl","80pct",3480,765,5827,5480,0.940449631027973,0.655262581398428,0.632342626254457,0.675385679185054,NA,NA,NA,0.4375,NA,NA
"MHAS",5,"Universal","incident_adl","80pct",3480,765,5827,5765,0.989359876437275,0.660532505205888,0.638281703412928,0.679638318115808,NA,NA,NA,0.5,NA,NA
"MHAS",6,"Universal","incident_adl","80pct",3480,765,5827,5751,0.986957267890853,0.667355649442097,0.650051472666352,0.686947974141405,NA,NA,NA,0.458333333333333,NA,NA
"MHAS",7,"Universal","incident_adl","80pct",3480,765,5827,5750,0.98678565299468,0.669415857196163,0.647576236999025,0.688576967546434,NA,NA,NA,0.392857142857143,NA,NA
"MHAS",8,"Universal","incident_adl","80pct",3480,765,5827,5748,0.986442423202334,0.669435115973953,0.649734785523885,0.688377945901456,NA,NA,NA,0.34375,NA,NA
"MHAS",9,"Universal","incident_adl","80pct",3480,765,5827,5747,0.986270808306161,0.669460633854524,0.648889302760371,0.689830211922013,NA,NA,NA,0.305555555555556,NA,NA
"MHAS",10,"Universal","incident_adl","80pct",3480,765,5827,5801,0.995538012699502,0.670830414424825,0.650121886983267,0.692824807932628,NA,NA,NA,0.275,NA,NA
"MHAS",11,"Universal","incident_adl","80pct",3480,765,5827,5787,0.99313540415308,0.671983774479712,0.653255328526627,0.69266100559031,NA,NA,NA,0.272727272727273,NA,NA
"MHAS",12,"Universal","incident_adl","80pct",3480,765,5827,5787,0.99313540415308,0.672086568206165,0.65028737833591,0.694362844882338,NA,NA,NA,0.25,NA,NA
"MHAS",13,"Universal","incident_adl","80pct",3480,765,5827,5786,0.992963789256908,0.673397609504207,0.650479702171044,0.69381983583907,NA,NA,NA,0.230769230769231,NA,NA
"MHAS",14,"Universal","incident_adl","80pct",3480,765,5827,5785,0.992792174360735,0.673309259861096,0.652914748275736,0.693728560839463,NA,NA,NA,0.214285714285714,NA,NA
"MHAS",15,"Universal","incident_adl","80pct",3480,765,5827,5813,0.997597391453578,0.674215626090829,0.65392555176187,0.691765211249562,NA,NA,NA,0.2,NA,NA
"MHAS",16,"Universal","incident_adl","80pct",3480,765,5827,5811,0.997254161661232,0.67436993704787,0.651660316111652,0.697159613132354,NA,NA,NA,0.1875,NA,NA
"MHAS",1,"Phenotype","incident_adl","80pct",3480,765,5827,5641,0.968079629311824,0.585410753620048,0.567141155931058,0.603971880832018,NA,NA,NA,0,NA,NA
"MHAS",2,"Phenotype","incident_adl","80pct",3480,765,5827,5574,0.956581431268234,0.609750959929706,0.588312927682316,0.633989402195789,NA,NA,NA,0.5,NA,NA
"MHAS",3,"Phenotype","incident_adl","80pct",3480,765,5827,5496,0.943195469366741,0.630317890200893,0.60730639561925,0.652621065955973,NA,NA,NA,0.333333333333333,NA,NA
"MHAS",4,"Phenotype","incident_adl","80pct",3480,765,5827,5487,0.941650935301184,0.644471888202795,0.622620817955207,0.664753128870231,NA,NA,NA,0.4375,NA,NA
"MHAS",5,"Phenotype","incident_adl","80pct",3480,765,5827,5770,0.99021795091814,0.655246933641474,0.631660480176617,0.673883691711036,NA,NA,NA,0.45,NA,NA
"MHAS",6,"Phenotype","incident_adl","80pct",3480,765,5827,5757,0.987986957267891,0.659799708710986,0.641836790886685,0.685181784017814,NA,NA,NA,0.416666666666667,NA,NA
"MHAS",7,"Phenotype","incident_adl","80pct",3480,765,5827,5753,0.987300497683199,0.663155791475583,0.639339114233195,0.681783279837275,NA,NA,NA,0.357142857142857,NA,NA
"MHAS",8,"Phenotype","incident_adl","80pct",3480,765,5827,5747,0.986270808306161,0.669060051276496,0.647008070138629,0.692170683610208,NA,NA,NA,0.34375,NA,NA
"MHAS",9,"Phenotype","incident_adl","80pct",3480,765,5827,5741,0.985241118929123,0.669808736263075,0.645598277441933,0.692277671185857,NA,NA,NA,0.305555555555556,NA,NA
"MHAS",10,"Phenotype","incident_adl","80pct",3480,765,5827,5792,0.993993478633945,0.670364592737033,0.652694226986759,0.690101000007745,NA,NA,NA,0.275,NA,NA
"MHAS",11,"Phenotype","incident_adl","80pct",3480,765,5827,5790,0.993650248841599,0.671437065925204,0.652262137109823,0.691910105517246,NA,NA,NA,0.272727272727273,NA,NA
"MHAS",12,"Phenotype","incident_adl","80pct",3480,765,5827,5787,0.99313540415308,0.671750984003178,0.652248966040692,0.694629595582626,NA,NA,NA,0.25,NA,NA
"MHAS",13,"Phenotype","incident_adl","80pct",3480,765,5827,5786,0.992963789256908,0.672662887131525,0.646360205835709,0.692964398863723,NA,NA,NA,0.230769230769231,NA,NA
"MHAS",14,"Phenotype","incident_adl","80pct",3480,765,5827,5785,0.992792174360735,0.673479459309814,0.654000739925076,0.699255357350624,NA,NA,NA,0.214285714285714,NA,NA
"MHAS",15,"Phenotype","incident_adl","80pct",3480,765,5827,5813,0.997597391453578,0.674215626090829,0.650347885569292,0.692080258055085,NA,NA,NA,0.2,NA,NA
"MHAS",16,"Phenotype","incident_adl","80pct",3480,765,5827,5811,0.997254161661232,0.67436993704787,0.654489643697432,0.692205834896619,NA,NA,NA,0.1875,NA,NA
"MHAS",0,"Full_FI","incident_adl","80pct",3480,765,5827,5827,1,0.701064769677054,0.682804958345959,0.723972510769555,NA,NA,NA,NA,NA,NA
